201,'5614',530,,1762,3,,,0,127,,1765,3,,,0,70,,1757,3,,,0,73,,1758,3,,,0,103,,1756,3,,,0,209,,1760,3,,,0,89,,1761,3,,,0,33,,1768,3,,,0,105,,1763,3,,,0,97,,1764,3,,,0,76,,1755,3,,,0,195,,1754,3,,,0,40,,1770,3,,,0,280,,1753,3,,,0,376,,1769,3,,,0
201,'5615',1834,,1771,3,,,0
201,'5616',1834,,1774,3,,,0,374,,1772,3,,,0,117,,1773,3,,,0
201,'5617',555,,1785,3,,,0,95,,1788,3,,,0,157,,1777,3,,,0,39,,1779,3,,,0,194,,1778,3,,,0,78,,1792,3,,,0,91,,1780,3,,,0,98,,1781,3,,,0,123,,1790,3,,,0,24,,1782,3,,,0,171,,1783,3,,,0,100,,1791,3,,,0,110,,1786,3,,,0,122,,1787,3,,,0,90,,1784,3,,,0,94,,1775,3,,,0
201,'5618',555,,1803,3,,,0,95,,1806,3,,,0,157,,1795,3,,,0,39,,1797,3,,,0,194,,1796,3,,,0,78,,1810,3,,,0,91,,1798,3,,,0,98,,1799,3,,,0,123,,1808,3,,,0,24,,1800,3,,,0,171,,1801,3,,,0,100,,1809,3,,,0,110,,1804,3,,,0,122,,1805,3,,,0,90,,1802,3,,,0,94,,1793,3,,,0
301,'5614',700,,1844,13,0,9 10,0,140,,1845,13,0,9 10,0,312,,1838,13,0,9 10,0,185,,1843,13,0,9 10,0,102,,1842,13,0,9 10,0,263,,1839,13,0,9 10,0,35,,1841,13,0,9 10,0,189,,1840,13,0,9 10,0
301,'5616',2203,,1846,13,0,9 10,0
301,'5617',636,,1851,13,0,9 10,0,177,,1854,13,0,9 10,0,126,,1855,13,0,9 10,0,167,,1848,13,0,9 10,0,150,,1850,13,0,9 10,0,257,,1849,13,0,9 10,0,201,,1847,13,0,9 10,0,141,,1853,13,0,9 10,0,280,,1852,13,0,9 10,0
301,'5618',636,,1860,13,0,9 10,0,177,,1863,13,0,9 10,0,126,,1864,13,0,9 10,0,167,,1857,13,0,9 10,0,150,,1859,13,0,9 10,0,257,,1858,13,0,9 10,0,201,,1856,13,0,9 10,0,141,,1862,13,0,9 10,0,280,,1861,13,0,9 10,0
400,'5614',557,,1868,3,,,0,161,,1869,3,,,0,241,,1870,3,,,0,268,,1871,3,,,0,105,,1872,3,,,0,287,,1865,3,,,0,122,,1867,3,,,0,181,,1866,3,,,0
400,'5616',2236,,1873,3,,,0
400,'5617',707,,1881,3,,,0,251,,1876,3,,,0,159,,1875,3,,,0,200,,1878,3,,,0,204,,1877,3,,,0,226,,1879,3,,,0,160,,1880,3,,,0,308,,1874,3,,,0
400,'5618',707,,1889,3,,,0,251,,1884,3,,,0,159,,1883,3,,,0,200,,1886,3,,,0,204,,1885,3,,,0,226,,1887,3,,,0,160,,1888,3,,,0,308,,1882,3,,,0
