100,'5536',509,,1689,2,,,0,41,,1691,2,,,0,170,,1688,2,,,0,94,,1693,2,0,5 6 2,0,126,,1690,2,,,0,105,,1692,2,,,0,103,,1694,2,0,5 6 2,0,111,,1680,2,,,0,148,,1695,2,0,5 6 2,0,131,,1679,2,,,0,89,,1681,2,0,5 6 2,0,130,,1683,2,,,0,97,,1684,2,,,0,161,,1685,2,,,0,100,,1682,2,,,0,108,,1686,2,0,7 8,0,93,,1687,2,,,0
100,'5539',459,,1696,2,,,0,260,,1697,2,,,0,217,,1698,2,,,0,205,,1699,2,,,0,269,,1700,2,,,0,220,,1701,2,,,0,128,,1702,2,,,0,262,,1703,2,,,0,90,,1705,2,,,0,192,,1704,2,,,0
100,'5540',459,,1706,2,,,0,260,,1707,2,,,0,217,,1708,2,,,0,205,,1709,2,,,0,269,,1710,2,,,0,220,,1711,2,,,0,128,,1712,2,,,0,262,,1713,2,,,0,90,,1715,2,,,0,192,,1714,2,,,0
201,'5536',529,,1762,2,,,0,127,,1765,2,,,0,70,,1757,2,,,0,33,,1758,2,,,0,143,,1756,2,,,0,209,,1760,2,,,0,89,,1761,2,,,0,33,,1768,2,,,0,105,,1763,2,,,0,97,,1764,2,,,0,76,,1755,2,,,0,195,,1754,2,,,0,40,,1770,2,,,0,280,,1753,2,,,0,376,,1769,2,,,0
201,'5537',1833,,1771,2,,,0
201,'5538',1833,,1774,2,,,0,374,,1772,2,,,0,117,,1773,2,,,0
201,'5539',554,,1785,2,,,0,95,,1788,2,,,0,157,,1777,2,,,0,39,,1779,2,,,0,194,,1778,2,,,0,78,,1792,2,,,0,91,,1780,2,,,0,98,,1781,2,,,0,123,,1790,2,,,0,24,,1782,2,,,0,171,,1783,2,,,0,100,,1791,2,,,0,110,,1786,2,,,0,122,,1787,2,,,0,90,,1784,2,,,0,94,,1775,2,,,0
201,'5540',554,,1803,2,,,0,95,,1806,2,,,0,157,,1795,2,,,0,39,,1797,2,,,0,194,,1796,2,,,0,78,,1810,2,,,0,91,,1798,2,,,0,98,,1799,2,,,0,123,,1808,2,,,0,24,,1800,2,,,0,171,,1801,2,,,0,100,,1809,2,,,0,110,,1804,2,,,0,122,,1805,2,,,0,90,,1802,2,,,0,94,,1793,2,,,0
300,'5536',644,,1815,2,0,9 10,0,179,,1816,2,0,9 10,0,308,,1817,2,0,9 10,0,185,,1818,2,0,9 10,0,102,,1811,2,0,9 10,0,226,,1813,2,0,9 10,0,76,,1814,2,0,9 10,0,189,,1812,2,0,9 10,0
300,'5538',2144,,1819,2,0,9 10,0
300,'5539',619,,1827,2,0,9 10,0,137,,1821,2,0,9 10,0,166,,1828,2,0,9 10,0,127,,1822,2,0,9 10,0,188,,1823,2,0,9 10,0,218,,1824,2,0,9 10,0,201,,1825,2,0,9 10,0,183,,1826,2,0,9 10,0,280,,1820,2,0,9 10,0
300,'5540',619,,1836,2,0,9 10,0,137,,1830,2,0,9 10,0,166,,1837,2,0,9 10,0,127,,1831,2,0,9 10,0,188,,1832,2,0,9 10,0,218,,1833,2,0,9 10,0,201,,1834,2,0,9 10,0,183,,1835,2,0,9 10,0,280,,1829,2,0,9 10,0
400,'5536',556,,1868,2,,,0,161,,1869,2,,,0,241,,1870,2,,,0,268,,1871,2,,,0,105,,1872,2,,,0,287,,1865,2,,,0,122,,1867,2,,,0,181,,1866,2,,,0
400,'5538',2235,,1873,2,,,0
400,'5539',706,,1881,2,,,0,251,,1876,2,,,0,159,,1875,2,,,0,200,,1878,2,,,0,204,,1877,2,,,0,226,,1879,2,,,0,160,,1880,2,,,0,308,,1874,2,,,0
400,'5540',706,,1889,2,,,0,251,,1884,2,,,0,159,,1883,2,,,0,200,,1886,2,,,0,204,,1885,2,,,0,226,,1887,2,,,0,160,,1888,2,,,0,308,,1882,2,,,0
9000,'5536',518,,1890,2,,,0,28,,1914,2,,,0,75,,1898,2,,,0,22,,1899,2,,,0,66,,1891,2,,,0,28,,1900,2,,,0,69,,1915,2,,,0,23,,1913,2,,,0,27,,1901,2,,,0,73,,1902,2,,,0,30,,1892,2,,,0,72,,1903,2,,,0,81,,1911,2,,,0,26,,1893,2,,,0,75,,1909,2,,,0,25,,1916,2,,,0,91,,1912,2,,,0,73,,1904,2,,,0,30,,1894,2,,,0,98,,1905,2,,,0,20,,1910,2,,,0,72,,1906,2,,,0,99,,1895,2,,,0,92,,1917,2,,,0,95,,1907,2,,,0,35,,1897,2,,,0,92,,1908,2,,,0,95,,1896,2,,,0
9000,'5537',1300,,1918,2,,,0,158,,1919,2,,,0,193,,1920,2,,,0
9000,'5538',1300,,1921,2,,,0,158,,1922,2,,,0,193,,1923,2,,,0
9000,'5539',617,,1924,2,,,0,123,,1934,2,,,0,118,,1925,2,,,0,99,,1936,2,,,0,155,,1929,2,,,0,100,,1935,2,,,0,88,,1926,2,,,0,128,,1932,2,,,0,117,,1927,2,,,0,105,,1931,2,,,0,165,,1930,2,,,0,99,,1933,2,,,0,119,,1928,2,,,0
9000,'5540',617,,1937,2,,,0,123,,1947,2,,,0,118,,1938,2,,,0,99,,1949,2,,,0,155,,1942,2,,,0,100,,1948,2,,,0,88,,1939,2,,,0,128,,1945,2,,,0,117,,1940,2,,,0,105,,1944,2,,,0,165,,1943,2,,,0,99,,1946,2,,,0,119,,1941,2,,,0
