201,'5536',508,,1759,9,4,,0,9,,1766,9,4,,0,11,,1762,1,,,0,20,,1762,25,4,,0,71,,1767,9,4,,0,36,,1765,1,,,0,61,,1765,25,4,,0,9,,1757,1,,,0,21,,1757,25,4,,0,12,,1758,1,,,0,61,,1758,25,4,,0,82,,1756,1,,,0,21,,1756,25,4,,0,188,,1760,1,,,0,22,,1760,25,4,,0,27,,1761,1,,,0,63,,1761,25,4,,0,10,,1768,1,,,0,23,,1768,25,4,,0,82,,1763,1,,,0,63,,1763,25,4,,0,34,,1764,1,,,0,24,,1764,25,4,,0,52,,1755,1,,,0,24,,1755,25,4,,0,171,,1754,1,,,0,22,,1754,25,4,,0,18,,1770,1,,,0,62,,1770,25,4,,0,218,,1753,1,,,0,20,,1753,25,4,,0,356,,1769,1,,,0
201,'5537',1832,,1771,1,,,0,21,,1771,25,4,,0
201,'5538',1832,,1774,1,,,0,21,,1774,25,4,,0,353,,1772,1,,,0,20,,1772,25,4,,0,97,,1773,1,,,0,18,,1773,25,4,,0
201,'5539',456,,1789,9,4,,0,97,,1785,1,,,0,61,,1785,25,4,,0,1,,1776,9,4,,0,33,,1788,1,,,0,62,,1788,25,4,,0,95,,1777,1,,,0,22,,1777,25,4,,0,17,,1779,1,,,0,62,,1779,25,4,,0,132,,1778,1,,,0,63,,1778,25,4,,0,15,,1792,1,,,0,23,,1792,25,4,,0,68,,1780,1,,,0,23,,1780,25,4,,0,75,,1781,1,,,0,24,,1781,25,4,,0,99,,1790,1,,,0,24,,1790,25,4,,0,62,,1782,25,4,,0,109,,1783,1,,,0,21,,1783,25,4,,0,79,,1791,1,,,0,21,,1791,25,4,,0,89,,1786,1,,,0,20,,1786,25,4,,0,102,,1787,1,,,0,60,,1787,25,4,,0,30,,1784,1,,,0,60,,1784,25,4,,0,34,,1775,1,,,0,19,,1775,25,4,,0
201,'5540',456,,1807,9,4,,0,97,,1803,1,,,0,61,,1803,25,4,,0,1,,1794,9,4,,0,33,,1806,1,,,0,62,,1806,25,4,,0,95,,1795,1,,,0,22,,1795,25,4,,0,17,,1797,1,,,0,62,,1797,25,4,,0,132,,1796,1,,,0,63,,1796,25,4,,0,15,,1810,1,,,0,23,,1810,25,4,,0,68,,1798,1,,,0,23,,1798,25,4,,0,75,,1799,1,,,0,24,,1799,25,4,,0,99,,1808,1,,,0,24,,1800,1,,,0,62,,1800,25,4,,0,109,,1801,1,,,0,21,,1801,25,4,,0,79,,1809,1,,,0,21,,1809,25,4,,0,89,,1804,1,,,0,20,,1804,25,4,,0,102,,1805,1,,,0,60,,1805,25,4,,0,30,,1802,1,,,0,60,,1802,25,4,,0,34,,1793,1,,,0,19,,1793,25,4,,0
300,'5536',643,,1815,1,0,9 10,0,179,,1816,1,0,9 10,0,308,,1817,1,0,9 10,0,185,,1818,1,0,9 10,0,102,,1811,1,0,9 10,0,226,,1813,1,0,9 10,0,76,,1814,1,0,9 10,0,189,,1812,1,0,9 10,0
300,'5538',2143,,1819,1,0,9 10,0
300,'5539',618,,1827,1,0,9 10,0,137,,1821,1,0,9 10,0,166,,1828,1,0,9 10,0,127,,1822,1,0,9 10,0,188,,1823,1,0,9 10,0,218,,1824,1,0,9 10,0,201,,1825,1,0,9 10,0,183,,1826,1,0,9 10,0,280,,1820,1,0,9 10,0
300,'5540',618,,1836,1,0,9 10,0,137,,1830,1,0,9 10,0,166,,1837,1,0,9 10,0,127,,1831,1,0,9 10,0,188,,1832,1,0,9 10,0,218,,1833,1,0,9 10,0,201,,1834,1,0,9 10,0,183,,1835,1,0,9 10,0,280,,1829,1,0,9 10,0
301,'5536',701,,1844,15,4,,0,140,,1845,15,4,,0,312,,1838,15,4,,0,185,,1843,15,4,,0,102,,1842,15,4,,0,263,,1839,15,4,,0,35,,1841,15,4,,0,189,,1840,15,4,,0
301,'5538',2204,,1846,15,4,,0
301,'5539',637,,1851,15,4,,0,177,,1854,15,4,,0,126,,1855,15,4,,0,167,,1848,15,4,,0,150,,1850,15,4,,0,257,,1849,15,4,,0,201,,1847,15,4,,0,141,,1853,15,4,,0,280,,1852,15,4,,0
301,'5540',637,,1860,15,4,,0,177,,1863,15,4,,0,126,,1864,15,4,,0,167,,1857,15,4,,0,150,,1859,15,4,,0,257,,1858,15,4,,0,201,,1856,15,4,,0,141,,1862,15,4,,0,280,,1861,15,4,,0
400,'5536',555,,1868,1,,,0,85,,1868,60,4,,0,76,,1869,1,,,0,86,,1869,60,4,,0,155,,1870,1,,,0,85,,1870,60,4,,0,183,,1871,1,,,0,85,,1871,60,4,,0,20,,1872,1,,,0,85,,1872,60,4,,0,202,,1865,1,,,0,83,,1865,60,4,,0,39,,1867,1,,,0,85,,1867,60,4,,0,96,,1866,1,,,0,85,,1866,60,4,,0
400,'5538',2235,,1873,1,,,0,86,,1873,64,4,,0
400,'5539',705,,1881,1,,,0,46,,1881,60,4,,0,205,,1876,1,,,0,89,,1876,60,4,,0,70,,1875,1,,,0,89,,1875,60,4,,0,111,,1878,1,,,0,90,,1878,60,4,,0,114,,1877,1,,,0,89,,1877,60,4,,0,137,,1879,1,,,0,88,,1879,60,4,,0,72,,1880,1,,,0,46,,1880,60,4,,0,262,,1874,1,,,0,46,,1874,60,4,,0
400,'5540',705,,1889,1,,,0,46,,1889,60,4,,0,205,,1884,1,,,0,89,,1884,60,4,,0,70,,1883,1,,,0,89,,1883,60,4,,0,111,,1886,1,,,0,90,,1886,60,4,,0,114,,1885,1,,,0,89,,1885,60,4,,0,137,,1887,1,,,0,88,,1887,60,4,,0,72,,1888,1,,,0,46,,1888,60,4,,0,262,,1882,1,,,0,46,,1882,60,4,,0
