201,'5536',508,,1759,8,,,0,9,,1766,8,,,0,31,,1762,24,,,0,71,,1767,8,,,0,97,,1765,24,,,0,30,,1757,24,,,0,73,,1758,24,,,0,103,,1756,24,,,0,210,,1760,24,,,0,90,,1761,24,,,0,33,,1768,24,,,0,145,,1763,24,,,0,58,,1764,24,,,0,76,,1755,24,,,0,193,,1754,24,,,0,80,,1770,24,,,0,238,,1753,24,,,0
201,'5537',1853,,1771,24,,,0
201,'5538',1853,,1774,24,,,0,373,,1772,24,,,0,115,,1773,24,,,0
201,'5539',456,,1789,8,,,0,158,,1785,24,,,0,1,,1776,8,,,0,95,,1788,24,,,0,117,,1777,24,,,0,79,,1779,24,,,0,195,,1778,24,,,0,38,,1792,24,,,0,91,,1780,24,,,0,99,,1781,24,,,0,123,,1790,24,,,0,62,,1782,24,,,0,130,,1783,24,,,0,100,,1791,24,,,0,109,,1786,24,,,0,162,,1787,24,,,0,90,,1784,24,,,0,53,,1775,24,,,0
201,'5540',456,,1807,8,,,0,158,,1803,24,,,0,1,,1794,8,,,0,95,,1806,24,,,0,117,,1795,24,,,0,79,,1797,24,,,0,195,,1796,24,,,0,38,,1810,24,,,0,91,,1798,24,,,0,99,,1799,24,,,0,123,,1808,24,,,0,62,,1800,24,,,0,130,,1801,24,,,0,100,,1809,24,,,0,109,,1804,24,,,0,162,,1805,24,,,0,90,,1802,24,,,0,53,,1793,24,,,0
301,'5536',700,,1844,14,0,9 10,0,140,,1845,14,0,9 10,0,312,,1838,14,0,9 10,0,185,,1843,14,0,9 10,0,102,,1842,14,0,9 10,0,263,,1839,14,0,9 10,0,35,,1841,14,0,9 10,0,189,,1840,14,0,9 10,0
301,'5538',2203,,1846,14,0,9 10,0
301,'5539',636,,1851,14,0,9 10,0,177,,1854,14,0,9 10,0,126,,1855,14,0,9 10,0,167,,1848,14,0,9 10,0,150,,1850,14,0,9 10,0,257,,1849,14,0,9 10,0,201,,1847,14,0,9 10,0,141,,1853,14,0,9 10,0,280,,1852,14,0,9 10,0
301,'5540',636,,1860,14,0,9 10,0,177,,1863,14,0,9 10,0,126,,1864,14,0,9 10,0,167,,1857,14,0,9 10,0,150,,1859,14,0,9 10,0,257,,1858,14,0,9 10,0,201,,1856,14,0,9 10,0,141,,1862,14,0,9 10,0,280,,1861,14,0,9 10,0
400,'5536',640,,1868,59,,,0,162,,1869,59,,,0,240,,1870,59,,,0,268,,1871,59,,,0,105,,1872,59,,,0,285,,1865,59,,,0,124,,1867,59,,,0,181,,1866,59,,,0
400,'5538',2321,,1873,63,,,0
400,'5539',751,,1881,59,,,0,293,,1876,59,,,0,159,,1875,59,,,0,201,,1878,59,,,0,204,,1877,59,,,0,225,,1879,59,,,0,118,,1880,59,,,0,308,,1874,59,,,0
400,'5540',751,,1889,59,,,0,293,,1884,59,,,0,159,,1883,59,,,0,201,,1886,59,,,0,204,,1885,59,,,0,225,,1887,59,,,0,118,,1888,59,,,0,308,,1882,59,,,0
