100,'5536',605,,1689,89,4,,0,41,,1691,89,4,,0,174,,1688,89,4,,0,100,,1693,95,4,,0,120,,1690,89,4,,0,105,,1692,89,4,,0,110,,1694,95,4,,0,145,,1680,89,4,,0,115,,1695,95,4,,0,125,,1679,89,4,,0,95,,1681,95,4,,0,165,,1683,89,4,,0,55,,1684,89,4,,0,160,,1685,89,4,,0,100,,1682,89,4,,0,200,,1687,89,4,,0
100,'5539',557,,1696,89,4,,0,263,,1697,89,4,,0,220,,1698,89,4,,0,205,,1699,89,4,,0,270,,1700,89,4,,0,220,,1701,89,4,,0,165,,1702,89,4,,0,220,,1703,89,4,,0,90,,1705,89,4,,0,190,,1704,89,4,,0
100,'5540',557,,1706,89,4,,0,263,,1707,89,4,,0,220,,1708,89,4,,0,205,,1709,89,4,,0,270,,1710,89,4,,0,220,,1711,89,4,,0,165,,1712,89,4,,0,220,,1713,89,4,,0,90,,1715,89,4,,0,190,,1714,89,4,,0
101,'5536',620,,1725,1,,,0,81,,1729,1,,,0,134,,1726,1,,,0,120,,1727,1,,,0,100,,1728,1,,,0,160,,1730,1,,,0,100,,1732,1,,,0,115,,1731,1,,,0,100,,1716,1,,,0,120,,1717,1,,,0,100,,1718,1,,,0,165,,1719,1,,,0,95,,1720,1,,,0,120,,1721,1,,,0,100,,1722,1,,,0,200,,1724,1,,,0
101,'5539',605,,1733,1,,,0,230,,1737,1,,,0,220,,1739,1,,,0,260,,1738,1,,,0,215,,1740,1,,,0,220,,1741,1,,,0,165,,1736,1,,,0,215,,1735,1,,,0,95,,1742,1,,,0,205,,1734,1,,,0
101,'5540',605,,1743,1,,,0,230,,1747,1,,,0,220,,1749,1,,,0,260,,1748,1,,,0,215,,1750,1,,,0,220,,1751,1,,,0,165,,1746,1,,,0,215,,1745,1,,,0,95,,1752,1,,,0,205,,1744,1,,,0
9000,'5536',555,,1890,48,4,,0,70,,1914,55,4,,0,75,,1898,48,4,,0,23,,1899,55,4,,0,28,,1891,55,4,,0,69,,1900,48,4,,0,30,,1915,48,4,,0,64,,1913,55,4,,0,26,,1901,55,4,,0,70,,1902,48,4,,0,30,,1892,48,4,,0,74,,1903,55,4,,0,41,,1911,55,4,,0,64,,1893,48,4,,0,36,,1909,48,4,,0,68,,1916,55,4,,0,92,,1912,55,4,,0,30,,1904,48,4,,0,70,,1894,48,4,,0,100,,1905,48,4,,0,20,,1910,55,4,,0,72,,1906,55,4,,0,98,,1895,55,4,,0,50,,1917,48,4,,0,95,,1907,55,4,,0,75,,1897,55,4,,0,90,,1908,48,4,,0,95,,1896,55,4,,0
9000,'5537',1345,,1918,55,4,,0,200,,1919,55,4,,0,190,,1920,48,4,,0
9000,'5538',1345,,1921,55,4,,0,200,,1922,55,4,,0,190,,1923,48,4,,0
9000,'5539',657,,1924,55,4,,0,163,,1934,55,4,,0,120,,1925,48,4,,0,100,,1936,55,4,,0,115,,1929,55,4,,0,100,,1935,55,4,,0,90,,1926,48,4,,0,170,,1932,55,4,,0,115,,1927,48,4,,0,105,,1931,48,4,,0,165,,1930,55,4,,0,55,,1933,48,4,,0,160,,1928,55,4,,0
9000,'5540',657,,1937,55,4,,0,163,,1947,55,4,,0,120,,1938,48,4,,0,100,,1949,55,4,,0,115,,1942,55,4,,0,100,,1948,55,4,,0,90,,1939,48,4,,0,170,,1945,55,4,,0,115,,1940,48,4,,0,105,,1944,48,4,,0,165,,1943,55,4,,0,55,,1946,48,4,,0,160,,1941,55,4,,0
9001,'5536',600,,1950,1,,,0,30,,1958,1,,,0,75,,1959,1,,,0,33,,1960,1,,,0,68,,1974,1,,,0,29,,1951,1,,,0,20,,1961,1,,,0,64,,1962,1,,,0,36,,1963,1,,,0,65,,1971,1,,,0,30,,1954,1,,,0,70,,1964,1,,,0,90,,1972,1,,,0,25,,1965,1,,,0,75,,1953,1,,,0,30,,1969,1,,,0,80,,1973,1,,,0,80,,1967,1,,,0,25,,1952,1,,,0,100,,1966,1,,,0,20,,1976,1,,,0,77,,1970,1,,,0,93,,1977,1,,,0,95,,1957,1,,,0,95,,1955,1,,,0,35,,1975,1,,,0,85,,1968,1,,,0,100,,1956,1,,,0
9001,'5537',1355,,1978,1,,,0,195,,1979,1,,,0,195,,1980,1,,,0
9001,'5538',1355,,1981,1,,,0,195,,1982,1,,,0,195,,1983,1,,,0
9001,'5539',712,,1988,1,,,0,118,,1990,1,,,0,120,,1987,1,,,0,100,,1995,1,,,0,160,,1986,1,,,0,100,,1994,1,,,0,40,,1989,1,,,0,175,,1991,1,,,0,115,,1996,1,,,0,105,,1992,1,,,0,165,,1993,1,,,0,95,,1985,1,,,0,120,,1984,1,,,0
9001,'5540',712,,2001,1,,,0,118,,2003,1,,,0,120,,2000,1,,,0,100,,2008,1,,,0,160,,1999,1,,,0,100,,2007,1,,,0,40,,2002,1,,,0,175,,2004,1,,,0,115,,2009,1,,,0,105,,2005,1,,,0,165,,2006,1,,,0,95,,1998,1,,,0,120,,1997,1,,,0
