100,'5614',509,,1689,1,,,0,41,,1691,1,,,0,170,,1688,1,,,0,93,,1693,1,0,5 6 2,0,127,,1690,1,,,0,105,,1692,1,,,0,102,,1694,1,0,5 6 2,0,112,,1680,1,,,0,147,,1695,1,0,5 6 2,0,132,,1679,1,,,0,88,,1681,1,0,5 6 2,0,131,,1683,1,,,0,97,,1684,1,,,0,161,,1685,1,,,0,100,,1682,1,,,0,108,,1686,1,0,7 8,0,93,,1687,1,,,0
100,'5617',459,,1696,1,,,0,260,,1697,1,,,0,217,,1698,1,,,0,205,,1699,1,,,0,269,,1700,1,,,0,220,,1701,1,,,0,128,,1702,1,,,0,262,,1703,1,,,0,90,,1705,1,,,0,192,,1704,1,,,0
100,'5618',459,,1706,1,,,0,260,,1707,1,,,0,217,,1708,1,,,0,205,,1709,1,,,0,269,,1710,1,,,0,220,,1711,1,,,0,128,,1712,1,,,0,262,,1713,1,,,0,90,,1715,1,,,0,192,,1714,1,,,0
101,'5614',723,,1725,91,4,,0,85,,1729,97,4,,0,134,,1726,91,4,,0,159,,1727,91,4,,0,101,,1728,91,4,,0,124,,1730,97,4,,0,98,,1732,91,4,,0,117,,1731,97,4,,0,97,,1716,91,4,,0,121,,1717,97,4,,0,94,,1718,91,4,,0,165,,1719,91,4,,0,95,,1720,91,4,,0,118,,1721,91,4,,0,100,,1722,91,4,,0,28,,1723,71,4,,0,172,,1724,91,4,,0
101,'5617',708,,1733,91,4,,0,233,,1737,91,4,,0,264,,1739,91,4,,0,220,,1738,91,4,,0,212,,1740,91,4,,0,219,,1741,91,4,,0,162,,1736,91,4,,0,214,,1735,91,4,,0,97,,1742,91,4,,0,202,,1734,91,4,,0
101,'5618',708,,1743,91,4,,0,233,,1747,91,4,,0,264,,1749,91,4,,0,220,,1748,91,4,,0,212,,1750,91,4,,0,219,,1751,91,4,,0,162,,1746,91,4,,0,214,,1745,91,4,,0,97,,1752,91,4,,0,202,,1744,91,4,,0
9000,'5614',518,,1890,1,,,0,28,,1914,1,,,0,75,,1898,1,,,0,22,,1899,1,,,0,66,,1891,1,,,0,27,,1900,1,,,0,69,,1915,1,,,0,23,,1913,1,,,0,27,,1901,1,,,0,73,,1902,1,,,0,30,,1892,1,,,0,72,,1903,1,,,0,81,,1911,1,,,0,26,,1893,1,,,0,75,,1909,1,,,0,25,,1916,1,,,0,91,,1912,1,,,0,73,,1904,1,,,0,30,,1894,1,,,0,98,,1905,1,,,0,20,,1910,1,,,0,72,,1906,1,,,0,99,,1895,1,,,0,92,,1917,1,,,0,96,,1907,1,,,0,35,,1897,1,,,0,92,,1908,1,,,0,95,,1896,1,,,0
9000,'5615',1259,,1918,1,,,0,198,,1919,1,,,0,193,,1920,1,,,0
9000,'5616',1259,,1921,1,,,0,198,,1922,1,,,0,193,,1923,1,,,0
9000,'5617',617,,1924,1,,,0,123,,1934,1,,,0,117,,1925,1,,,0,99,,1936,1,,,0,155,,1929,1,,,0,100,,1935,1,,,0,48,,1926,1,,,0,168,,1932,1,,,0,117,,1927,1,,,0,105,,1931,1,,,0,165,,1930,1,,,0,99,,1933,1,,,0,120,,1928,1,,,0
9000,'5618',617,,1937,1,,,0,123,,1947,1,,,0,117,,1938,1,,,0,99,,1949,1,,,0,155,,1942,1,,,0,100,,1948,1,,,0,48,,1939,1,,,0,168,,1945,1,,,0,117,,1940,1,,,0,105,,1944,1,,,0,165,,1943,1,,,0,99,,1946,1,,,0,120,,1941,1,,,0
9001,'5614',638,,1950,51,4,,0,71,,1958,54,4,,0,38,,1959,54,4,,0,76,,1960,54,4,,0,28,,1974,51,4,,0,67,,1951,54,4,,0,20,,1961,54,4,,0,62,,1962,54,4,,0,35,,1963,54,4,,0,24,,1971,51,4,,0,71,,1954,54,4,,0,72,,1964,51,4,,0,51,,1972,54,4,,0,67,,1965,54,4,,0,35,,1953,51,4,,0,72,,1969,54,4,,0,80,,1973,54,4,,0,42,,1967,51,4,,0,65,,1952,54,4,,0,97,,1966,54,4,,0,17,,1976,51,4,,0,77,,1970,51,4,,0,53,,1977,54,4,,0,95,,1957,54,4,,0,92,,1955,51,4,,0,78,,1975,54,4,,0,85,,1968,54,4,,0,100,,1956,54,4,,0
9001,'5615',1442,,1978,54,4,,0,193,,1979,51,4,,0,194,,1980,54,4,,0
9001,'5616',1442,,1981,54,4,,0,193,,1982,51,4,,0,194,,1983,54,4,,0
9001,'5617',754,,1988,54,4,,0,159,,1990,51,4,,0,122,,1987,54,4,,0,99,,1995,51,4,,0,120,,1986,51,4,,0,103,,1994,54,4,,0,80,,1989,54,4,,0,174,,1991,51,4,,0,114,,1996,54,4,,0,103,,1992,51,4,,0,122,,1993,51,4,,0,98,,1985,54,4,,0,160,,1984,54,4,,0
9001,'5618',754,,2001,54,4,,0,159,,2003,51,4,,0,122,,2000,54,4,,0,99,,2008,51,4,,0,120,,1999,51,4,,0,103,,2007,54,4,,0,80,,2002,54,4,,0,174,,2004,51,4,,0,114,,2009,54,4,,0,103,,2005,51,4,,0,122,,2006,51,4,,0,98,,1998,54,4,,0,160,,1997,54,4,,0
