101,'5115',700,,1387,79,,,0,233,,1391,79,,,0,224,,1393,79,,,0,260,,1392,79,,,0,212,,1394,79,,,0,220,,1395,79,,,0,158,,1390,79,,,0,315,,1389,79,,,0,202,,1388,79,,,0
101,'5210',659,,1074,79,,,0,272,,1078,79,,,0,223,,1080,79,,,0,258,,1079,79,,,0,215,,1081,79,,,0,214,,1082,79,,,0,164,,1077,79,,,0,220,,1076,79,,,0,95,,1083,79,,,0,202,,1075,79,,,0
101,'5513',715,,1405,79,,,0,44,,1409,85,,,0,175,,1406,79,,,0,119,,1407,79,,,0,100,,1408,79,,,0,164,,1410,85,,,0,98,,1412,79,,,0,117,,1411,85,,,0,97,,1396,79,,,0,121,,1397,85,,,0,96,,1398,79,,,0,160,,1399,79,,,0,100,,1400,79,,,0,119,,1401,79,,,0,99,,1402,79,,,0,28,,1403,59,,,0,173,,1404,79,,,0
101,'5516',700,,1413,79,,,0,233,,1417,79,,,0,224,,1419,79,,,0,260,,1418,79,,,0,212,,1420,79,,,0,220,,1421,79,,,0,158,,1416,79,,,0,315,,1415,79,,,0,202,,1414,79,,,0
9001,'5115',744,,1624,42,,,0,156,,1626,39,,,0,109,,1623,42,,,0,114,,1631,39,,,0,98,,1622,39,,,0,125,,1630,42,,,0,88,,1621,42,,,0,166,,1627,39,,,0,120,,1625,42,,,0,98,,1628,39,,,0,118,,1629,39,,,0,102,,1620,42,,,0,120,,1619,42,,,0
9001,'5210',744,,1341,42,,,0,157,,1342,39,,,0,122,,1340,42,,,0,99,,1347,39,,,0,2,,1349,39,,,0,118,,1339,39,,,0,103,,1346,42,,,0,80,,1338,42,,,0,134,,1343,39,,,0,42,,1350,39,,,0,112,,1348,42,,,0,99,,1344,39,,,0,2,,1351,39,,,0,122,,1345,39,,,0,102,,1337,42,,,0,120,,1336,42,,,0
9001,'5513',629,,1632,39,,,0,71,,1640,42,,,0,37,,1641,42,,,0,75,,1642,42,,,0,28,,1656,39,,,0,69,,1633,42,,,0,20,,1643,42,,,0,22,,1644,42,,,0,75,,1645,42,,,0,24,,1653,39,,,0,71,,1636,42,,,0,30,,1646,39,,,0,96,,1654,42,,,0,62,,1647,42,,,0,35,,1635,39,,,0,72,,1651,42,,,0,40,,1655,42,,,0,82,,1649,39,,,0,65,,1634,42,,,0,97,,1648,42,,,0,18,,1658,39,,,0,37,,1652,39,,,0,94,,1659,42,,,0,90,,1639,42,,,0,97,,1637,39,,,0,78,,1657,42,,,0,45,,1650,42,,,0,100,,1638,42,,,0
9001,'5514',1431,,1660,42,,,0,193,,1661,39,,,0,195,,1662,42,,,0
9001,'5515',1431,,1663,42,,,0,193,,1664,39,,,0,195,,1665,42,,,0
9001,'5516',744,,1671,42,,,0,156,,1673,39,,,0,109,,1670,42,,,0,114,,1678,39,,,0,98,,1669,39,,,0,125,,1677,42,,,0,88,,1668,42,,,0,166,,1674,39,,,0,120,,1672,42,,,0,98,,1675,39,,,0,118,,1676,39,,,0,102,,1667,42,,,0,120,,1666,42,,,0
