100,'5115',512,,1352,19,,,0,221,,1353,19,,,0,222,,1354,19,,,0,251,,1355,19,,,0,219,,1356,19,,,0,220,,1357,19,,,0,163,,1358,19,,,0,317,,1359,19,,,0,206,,1360,19,,,0
100,'5210',512,,1037,19,,,0,224,,1038,19,,,0,221,,1039,19,,,0,250,,1040,19,,,0,221,,1041,19,,,0,220,,1042,19,,,0,156,,1043,19,,,0,225,,1044,19,,,0,95,,1046,19,,,0,206,,1045,19,,,0
100,'5513',521,,1371,19,,,0,81,,1373,19,,,0,131,,1370,19,,,0,99,,1375,25,0,5 6 2,0,121,,1372,19,,,0,105,,1374,19,,,0,148,,1376,25,0,5 6 2,0,107,,1362,19,,,0,113,,1377,25,0,5 6 2,0,121,,1361,19,,,0,100,,1363,25,0,5 6 2,0,158,,1365,19,,,0,102,,1366,19,,,0,126,,1367,19,,,0,90,,1364,19,,,0,113,,1368,19,0,7 8,0,79,,1369,19,,,0
100,'5516',512,,1378,19,,,0,221,,1379,19,,,0,222,,1380,19,,,0,251,,1381,19,,,0,219,,1382,19,,,0,220,,1383,19,,,0,163,,1384,19,,,0,317,,1385,19,,,0,206,,1386,19,,,0
9000,'5115',631,,1559,19,,,0,118,,1569,19,,,0,101,,1560,19,,,0,162,,1571,19,,,0,93,,1564,19,,,0,122,,1570,19,,,0,90,,1561,19,,,0,127,,1567,19,,,0,162,,1562,19,,,0,95,,1566,19,,,0,119,,1565,19,,,0,103,,1568,19,,,0,119,,1563,19,,,0
9000,'5210',630,,1270,19,,,0,123,,1278,19,,,0,160,,1271,19,,,0,89,,1285,19,,,0,10,,1280,19,,,0,115,,1274,19,,,0,98,,1279,19,,,0,93,,1272,19,,,0,118,,1284,19,,,0,10,,1281,19,,,0,162,,1282,19,,,0,50,,1283,19,,,0,50,,1276,19,,,0,113,,1275,19,,,0,109,,1277,19,,,0,114,,1273,19,,,0
9000,'5513',531,,1572,19,,,0,28,,1596,19,,,0,75,,1580,19,,,0,22,,1581,19,,,0,67,,1573,19,,,0,28,,1582,19,,,0,66,,1597,19,,,0,26,,1595,19,,,0,67,,1583,19,,,0,33,,1584,19,,,0,70,,1574,19,,,0,32,,1585,19,,,0,81,,1593,19,,,0,26,,1575,19,,,0,75,,1591,19,,,0,25,,1598,19,,,0,92,,1594,19,,,0,73,,1586,19,,,0,30,,1576,19,,,0,98,,1587,19,,,0,60,,1592,19,,,0,32,,1588,19,,,0,98,,1577,19,,,0,92,,1599,19,,,0,95,,1589,19,,,0,35,,1579,19,,,0,92,,1590,19,,,0,94,,1578,19,,,0
9000,'5514',1314,,1600,19,,,0,199,,1601,19,,,0,193,,1602,19,,,0
9000,'5515',1314,,1603,19,,,0,199,,1604,19,,,0,193,,1605,19,,,0
9000,'5516',631,,1606,19,,,0,118,,1616,19,,,0,101,,1607,19,,,0,162,,1618,19,,,0,93,,1611,19,,,0,122,,1617,19,,,0,90,,1608,19,,,0,127,,1614,19,,,0,162,,1609,19,,,0,95,,1613,19,,,0,119,,1612,19,,,0,103,,1615,19,,,0,119,,1610,19,,,0
