100,'5115',527,,1352,45,,,0,222,,1353,45,,,0,262,,1354,45,,,0,212,,1355,45,,,0,219,,1356,45,,,0,260,,1357,45,,,0,121,,1358,45,,,0,317,,1359,45,,,0,206,,1360,45,,,0
100,'5210',527,,1037,45,,,0,224,,1038,45,,,0,262,,1039,45,,,0,210,,1040,45,,,0,221,,1041,45,,,0,260,,1042,45,,,0,115,,1043,45,,,0,225,,1044,45,,,0,95,,1046,45,,,0,206,,1045,45,,,0
100,'5513',536,,1371,45,,,0,81,,1373,45,,,0,132,,1370,45,,,0,99,,1375,51,0,5 6 2,0,161,,1372,45,,,0,105,,1374,45,,,0,108,,1376,51,0,5 6 2,0,107,,1362,45,,,0,113,,1377,51,0,5 6 2,0,161,,1361,45,,,0,100,,1363,51,0,5 6 2,0,119,,1365,45,,,0,101,,1366,45,,,0,126,,1367,45,,,0,90,,1364,45,,,0,113,,1368,45,0,7 8,0,78,,1369,45,,,0
100,'5516',527,,1378,45,,,0,222,,1379,45,,,0,262,,1380,45,,,0,212,,1381,45,,,0,219,,1382,45,,,0,260,,1383,45,,,0,121,,1384,45,,,0,317,,1385,45,,,0,206,,1386,45,,,0
9000,'5115',640,,1559,31,,,0,118,,1569,31,,,0,142,,1560,31,,,0,122,,1571,31,,,0,93,,1564,31,,,0,122,,1570,31,,,0,90,,1561,31,,,0,127,,1567,31,,,0,162,,1562,31,,,0,95,,1566,31,,,0,119,,1565,31,,,0,102,,1568,31,,,0,119,,1563,31,,,0
9000,'5210',639,,1270,31,,,0,163,,1278,31,,,0,121,,1271,31,,,0,89,,1285,31,,,0,10,,1280,31,,,0,115,,1274,31,,,0,98,,1279,31,,,0,93,,1272,31,,,0,118,,1284,31,,,0,10,,1281,31,,,0,162,,1282,31,,,0,90,,1283,31,,,0,10,,1276,31,,,0,113,,1275,31,,,0,108,,1277,31,,,0,114,,1273,31,,,0
9000,'5513',540,,1572,31,,,0,68,,1596,31,,,0,35,,1580,31,,,0,62,,1581,31,,,0,28,,1573,31,,,0,68,,1582,31,,,0,26,,1597,31,,,0,26,,1595,31,,,0,67,,1583,31,,,0,32,,1584,31,,,0,70,,1574,31,,,0,32,,1585,31,,,0,81,,1593,31,,,0,66,,1575,31,,,0,36,,1591,31,,,0,65,,1598,31,,,0,52,,1594,31,,,0,73,,1586,31,,,0,30,,1576,31,,,0,98,,1587,31,,,0,60,,1592,31,,,0,32,,1588,31,,,0,98,,1577,31,,,0,92,,1599,31,,,0,94,,1589,31,,,0,75,,1579,31,,,0,52,,1590,31,,,0,94,,1578,31,,,0
9000,'5514',1324,,1600,31,,,0,199,,1601,31,,,0,193,,1602,31,,,0
9000,'5515',1324,,1603,31,,,0,199,,1604,31,,,0,193,,1605,31,,,0
9000,'5516',640,,1606,31,,,0,118,,1616,31,,,0,142,,1607,31,,,0,122,,1618,31,,,0,93,,1611,31,,,0,122,,1617,31,,,0,90,,1608,31,,,0,127,,1614,31,,,0,162,,1609,31,,,0,95,,1613,31,,,0,119,,1612,31,,,0,102,,1615,31,,,0,119,,1610,31,,,0
