100,'5115',552,,1352,82,,,0,263,,1353,82,,,0,224,,1354,82,,,0,211,,1355,82,,,0,260,,1356,82,,,0,220,,1357,82,,,0,120,,1358,82,,,0,355,,1359,82,,,0,205,,1360,82,,,0
100,'5210',552,,1037,82,,,0,264,,1038,82,,,0,224,,1039,82,,,0,210,,1040,82,,,0,260,,1041,82,,,0,220,,1042,82,,,0,115,,1043,82,,,0,265,,1044,82,,,0,95,,1046,82,,,0,205,,1045,82,,,0
100,'5513',601,,1371,82,,,0,41,,1373,82,,,0,174,,1370,82,,,0,100,,1375,88,0,5 6 2,0,120,,1372,82,,,0,105,,1374,82,,,0,110,,1376,88,0,5 6 2,0,105,,1362,82,,,0,155,,1377,88,0,5 6 2,0,119,,1361,82,,,0,101,,1363,88,0,5 6 2,0,119,,1365,82,,,0,100,,1366,82,,,0,165,,1367,82,,,0,90,,1364,82,,,0,151,,1369,82,,,0
100,'5516',552,,1378,82,,,0,263,,1379,82,,,0,224,,1380,82,,,0,211,,1381,82,,,0,260,,1382,82,,,0,220,,1383,82,,,0,120,,1384,82,,,0,355,,1385,82,,,0,205,,1386,82,,,0
9000,'5115',653,,1559,48,,,0,158,,1569,48,,,0,225,,1571,48,,,0,93,,1564,48,,,0,122,,1570,48,,,0,259,,1567,48,,,0,335,,1565,48,,,0,260,,1563,48,,,0
9000,'5210',653,,1270,48,,,0,163,,1278,48,,,0,210,,1285,48,,,0,10,,1280,48,,,0,115,,1274,48,,,0,99,,1279,48,,,0,250,,1284,48,,,0,10,,1281,48,,,0,335,,1275,48,,,0,261,,1273,48,,,0
9000,'5513',621,,1596,48,,,0,98,,1581,48,,,0,28,,1573,48,,,0,162,,1595,48,,,0,26,,1583,48,,,0,174,,1585,48,,,0,41,,1593,48,,,0,168,,1598,48,,,0,92,,1594,48,,,0,220,,1592,48,,,0,72,,1588,48,,,0,98,,1577,48,,,0,145,,1589,48,,,0,75,,1579,48,,,0,185,,1578,48,,,0
9000,'5514',1340,,1600,48,,,0,200,,1601,48,,,0
9000,'5515',1340,,1603,48,,,0,200,,1604,48,,,0
9000,'5516',653,,1606,48,,,0,158,,1616,48,,,0,225,,1618,48,,,0,93,,1611,48,,,0,122,,1617,48,,,0,259,,1614,48,,,0,335,,1612,48,,,0,260,,1610,48,,,0
