201,'5115',450,,1436,2,,,0,158,,1431,18,,,0,1,,1423,2,,,0,46,,1435,18,,,0,168,,1424,18,,,0,89,,1426,18,,,0,127,,1425,18,,,0,92,,1439,18,,,0,91,,1427,18,,,0,99,,1428,18,,,0,123,,1437,18,,,0,87,,1429,18,,,0,108,,1430,18,,,0,104,,1438,18,,,0,104,,1433,18,,,0,187,,1434,18,,,0,70,,1432,18,,,0,97,,1422,18,,,0
201,'5513',502,,1446,2,,,0,9,,1453,2,,,0,31,,1449,18,,,0,71,,1454,2,,,0,200,,1445,18,,,0,106,,1443,18,,,0,286,,1448,18,,,0,43,,1455,18,,,0,105,,1450,18,,,0,174,,1442,18,,,0,202,,1441,18,,,0,24,,1457,18,,,0,271,,1440,18,,,0
201,'5514',1849,,1458,18,,,0
201,'5515',1849,,1461,18,,,0,371,,1459,18,,,0,116,,1460,18,,,0
201,'5516',450,,1476,2,,,0,158,,1471,18,,,0,1,,1463,2,,,0,46,,1475,18,,,0,168,,1464,18,,,0,89,,1466,18,,,0,127,,1465,18,,,0,92,,1479,18,,,0,91,,1467,18,,,0,99,,1468,18,,,0,123,,1477,18,,,0,87,,1469,18,,,0,108,,1470,18,,,0,104,,1478,18,,,0,104,,1473,18,,,0,187,,1474,18,,,0,70,,1472,18,,,0,97,,1462,18,,,0
201,'5608',710,,1452,18,,,0,30,,1444,18,,,0,386,,1447,18,,,0,325,,1451,18,,,0
201,'5610',710,,1684,18,,,0,30,,1681,18,,,0,386,,1682,18,,,0,325,,1683,18,,,0
400,'5115',712,,1541,11,,,0,241,,1536,11,,,0,157,,1535,11,,,0,212,,1538,11,,,0,206,,1537,11,,,0,224,,1539,11,,,0,159,,1540,11,,,0,309,,1534,11,,,0
400,'5513',1002,,1547,11,,,0,220,,1548,11,,,0,404,,1542,11,,,0,120,,1544,11,,,0,181,,1543,11,,,0
400,'5515',2243,,1550,15,,,0
400,'5516',712,,1558,11,,,0,241,,1553,11,,,0,157,,1552,11,,,0,212,,1555,11,,,0,206,,1554,11,,,0,224,,1556,11,,,0,159,,1557,11,,,0,309,,1551,11,,,0
400,'5608',602,,1545,11,,,0,124,,1546,11,,,0,611,,1549,11,,,0
400,'5610',602,,1687,11,,,0,124,,1688,11,,,0,611,,1689,11,,,0
