101,'5115',610,,1387,7,,,0,231,,1391,7,,,0,260,,1393,7,,,0,220,,1392,7,,,0,214,,1394,7,,,0,220,,1395,7,,,0,160,,1390,7,,,0,315,,1389,7,,,0,205,,1388,7,,,0
101,'5210',610,,1074,7,,,0,230,,1078,7,,,0,260,,1080,7,,,0,220,,1079,7,,,0,215,,1081,7,,,0,215,,1082,7,,,0,165,,1077,7,,,0,220,,1076,7,,,0,95,,1083,7,,,0,205,,1075,7,,,0
101,'5513',624,,1405,7,,,0,82,,1409,7,,,0,134,,1406,7,,,0,119,,1407,7,,,0,100,,1408,7,,,0,161,,1410,7,,,0,99,,1412,7,,,0,116,,1411,7,,,0,99,,1396,7,,,0,121,,1397,7,,,0,99,,1398,7,,,0,160,,1399,7,,,0,100,,1400,7,,,0,120,,1401,7,,,0,100,,1402,7,,,0,201,,1404,7,,,0
101,'5516',610,,1413,7,,,0,231,,1417,7,,,0,260,,1419,7,,,0,220,,1418,7,,,0,214,,1420,7,,,0,220,,1421,7,,,0,160,,1416,7,,,0,315,,1415,7,,,0,205,,1414,7,,,0
9001,'5115',714,,1624,3,,,0,223,,1623,3,,,0,375,,1630,3,,,0,88,,1621,3,,,0,247,,1625,3,,,0,360,,1620,3,,,0,120,,1619,3,,,0
9001,'5210',714,,1341,3,,,0,238,,1340,3,,,0,360,,1346,3,,,0,40,,1338,3,,,0,290,,1348,3,,,0,365,,1337,3,,,0,120,,1336,3,,,0
9001,'5513',632,,1640,3,,,0,75,,1641,3,,,0,33,,1642,3,,,0,97,,1633,3,,,0,20,,1643,3,,,0,64,,1644,3,,,0,36,,1645,3,,,0,95,,1636,3,,,0,165,,1654,3,,,0,20,,1647,3,,,0,105,,1651,3,,,0,80,,1655,3,,,0,105,,1634,3,,,0,100,,1648,3,,,0,190,,1659,3,,,0,90,,1639,3,,,0,135,,1657,3,,,0,85,,1650,3,,,0,100,,1638,3,,,0
9001,'5514',1357,,1660,3,,,0,390,,1662,3,,,0
9001,'5515',1357,,1663,3,,,0,390,,1665,3,,,0
9001,'5516',714,,1671,3,,,0,223,,1670,3,,,0,375,,1677,3,,,0,88,,1668,3,,,0,247,,1672,3,,,0,360,,1667,3,,,0,120,,1666,3,,,0
