201,'5115',456,,1436,9,4,,0,97,,1431,1,,,0,61,,1431,25,4,,0,1,,1423,9,4,,0,25,,1435,1,,,0,62,,1435,25,4,,0,106,,1424,1,,,0,22,,1424,25,4,,0,27,,1426,1,,,0,62,,1426,25,4,,0,105,,1425,1,,,0,23,,1425,25,4,,0,69,,1439,1,,,0,23,,1439,25,4,,0,68,,1427,1,,,0,23,,1427,25,4,,0,75,,1428,1,,,0,24,,1428,25,4,,0,99,,1437,1,,,0,24,,1437,25,4,,0,63,,1429,1,,,0,22,,1429,25,4,,0,87,,1430,1,,,0,21,,1430,25,4,,0,83,,1438,1,,,0,21,,1438,25,4,,0,84,,1433,1,,,0,20,,1433,25,4,,0,167,,1434,1,,,0,20,,1434,25,4,,0,10,,1432,1,,,0,60,,1432,25,4,,0,38,,1422,1,,,0,59,,1422,25,4,,0
201,'5513',508,,1446,9,4,,0,9,,1453,9,4,,0,11,,1449,1,,,0,20,,1449,25,4,,0,71,,1454,9,4,,0,139,,1445,1,,,0,61,,1445,25,4,,0,85,,1443,1,,,0,21,,1443,25,4,,0,224,,1448,1,,,0,63,,1448,25,4,,0,20,,1455,1,,,0,23,,1455,25,4,,0,82,,1450,1,,,0,63,,1450,25,4,,0,110,,1442,1,,,0,24,,1442,25,4,,0,179,,1441,1,,,0,22,,1441,25,4,,0,2,,1457,1,,,0,22,,1457,25,4,,0,251,,1440,1,,,0,20,,1440,25,4,,0,371,,1456,1,,,0
201,'5514',1834,,1458,1,,,0,21,,1458,25,4,,0
201,'5515',1834,,1461,1,,,0,21,,1461,25,4,,0,351,,1459,1,,,0,20,,1459,25,4,,0,97,,1460,1,,,0,18,,1460,25,4,,0
201,'5516',456,,1476,9,4,,0,97,,1471,1,,,0,61,,1471,25,4,,0,1,,1463,9,4,,0,25,,1475,1,,,0,62,,1475,25,4,,0,106,,1464,1,,,0,22,,1464,25,4,,0,27,,1466,1,,,0,62,,1466,25,4,,0,105,,1465,1,,,0,23,,1465,25,4,,0,69,,1479,1,,,0,23,,1479,25,4,,0,68,,1467,1,,,0,23,,1467,25,4,,0,75,,1468,1,,,0,24,,1468,25,4,,0,99,,1477,1,,,0,24,,1477,25,4,,0,63,,1469,1,,,0,22,,1469,25,4,,0,87,,1470,1,,,0,21,,1470,25,4,,0,83,,1478,1,,,0,21,,1478,25,4,,0,84,,1473,1,,,0,20,,1473,25,4,,0,167,,1474,1,,,0,20,,1474,25,4,,0,10,,1472,1,,,0,60,,1472,25,4,,0,38,,1462,1,,,0,59,,1462,25,4,,0
201,'5608',655,,1452,1,,,0,61,,1452,25,4,,0,9,,1444,1,,,0,21,,1444,25,4,,0,364,,1447,1,,,0,22,,1447,25,4,,0,302,,1451,1,,,0,24,,1451,25,4,,0
201,'5610',655,,1684,1,,,0,61,,1684,25,4,,0,9,,1681,1,,,0,21,,1681,25,4,,0,364,,1682,1,,,0,22,,1682,25,4,,0,302,,1683,1,,,0,24,,1683,25,4,,0
300,'5115',618,,1487,1,0,9 10,0,139,,1481,1,0,9 10,0,164,,1488,1,0,9 10,0,130,,1482,1,0,9 10,0,187,,1483,1,0,9 10,0,214,,1484,1,0,9 10,0,248,,1485,1,0,9 10,0,135,,1486,1,0,9 10,0,280,,1480,1,0,9 10,0
300,'5513',822,,1494,1,0,9 10,0,298,,1495,1,0,9 10,0,183,,1496,1,0,9 10,0,114,,1489,1,0,9 10,0,226,,1491,1,0,9 10,0,68,,1492,1,0,9 10,0,197,,1490,1,0,9 10,0
300,'5515',2143,,1497,1,0,9 10,0
300,'5516',618,,1505,1,0,9 10,0,139,,1499,1,0,9 10,0,164,,1506,1,0,9 10,0,130,,1500,1,0,9 10,0,187,,1501,1,0,9 10,0,214,,1502,1,0,9 10,0,248,,1503,1,0,9 10,0,135,,1504,1,0,9 10,0,280,,1498,1,0,9 10,0
300,'5608',643,,1493,1,0,9 10,0
300,'5610',643,,1685,1,0,9 10,0
301,'5115',637,,1507,15,4,,0,179,,1514,15,4,,0,124,,1515,15,4,,0,170,,1509,15,4,,0,149,,1512,15,4,,0,253,,1510,15,4,,0,208,,1508,15,4,,0,133,,1513,15,4,,0,280,,1511,15,4,,0
301,'5513',841,,1523,15,4,,0,302,,1516,15,4,,0,183,,1521,15,4,,0,114,,1520,15,4,,0,263,,1517,15,4,,0,28,,1519,15,4,,0,196,,1518,15,4,,0
301,'5515',2204,,1524,15,4,,0
301,'5516',637,,1525,15,4,,0,179,,1532,15,4,,0,124,,1533,15,4,,0,170,,1527,15,4,,0,149,,1530,15,4,,0,253,,1528,15,4,,0,208,,1526,15,4,,0,133,,1531,15,4,,0,280,,1529,15,4,,0
301,'5608',701,,1522,15,4,,0
301,'5610',701,,1686,15,4,,0
400,'5115',705,,1541,1,,,0,46,,1541,60,4,,0,195,,1536,1,,,0,89,,1536,60,4,,0,68,,1535,1,,,0,49,,1535,60,4,,0,163,,1538,1,,,0,90,,1538,60,4,,0,115,,1537,1,,,0,89,,1537,60,4,,0,136,,1539,1,,,0,88,,1539,60,4,,0,71,,1540,1,,,0,46,,1540,60,4,,0,262,,1534,1,,,0,46,,1534,60,4,,0
400,'5513',955,,1547,1,,,0,85,,1547,60,4,,0,175,,1548,1,,,0,85,,1548,60,4,,0,319,,1542,1,,,0,83,,1542,60,4,,0,37,,1544,1,,,0,85,,1544,60,4,,0,96,,1543,1,,,0,85,,1543,60,4,,0
400,'5515',2235,,1550,1,,,0,86,,1550,64,4,,0
400,'5516',705,,1558,1,,,0,46,,1558,60,4,,0,195,,1553,1,,,0,89,,1553,60,4,,0,68,,1552,1,,,0,49,,1552,60,4,,0,163,,1555,1,,,0,90,,1555,60,4,,0,115,,1554,1,,,0,89,,1554,60,4,,0,136,,1556,1,,,0,88,,1556,60,4,,0,71,,1557,1,,,0,46,,1557,60,4,,0,262,,1551,1,,,0,46,,1551,60,4,,0
400,'5608',555,,1545,1,,,0,85,,1545,60,4,,0,79,,1546,1,,,0,86,,1546,60,4,,0,525,,1549,1,,,0,85,,1549,60,4,,0
400,'5610',555,,1687,1,,,0,85,,1687,60,4,,0,79,,1688,1,,,0,86,,1688,60,4,,0,525,,1689,1,,,0,85,,1689,60,4,,0
