201,'5115',600,,1431,8,,,0,47,,1435,8,,,0,168,,1424,8,,,0,89,,1426,8,,,0,127,,1425,8,,,0,92,,1439,8,,,0,91,,1427,8,,,0,98,,1428,8,,,0,123,,1437,8,,,0,87,,1429,8,,,0,109,,1430,8,,,0,104,,1438,8,,,0,105,,1433,8,,,0,187,,1434,8,,,0,30,,1432,8,,,0,98,,1422,8,,,0
201,'5513',535,,1449,8,,,0,270,,1445,8,,,0,106,,1443,8,,,0,245,,1448,8,,,0,83,,1455,8,,,0,105,,1450,8,,,0,174,,1442,8,,,0,202,,1441,8,,,0,24,,1457,8,,,0,273,,1440,8,,,0,391,,1456,8,,,0
201,'5514',1841,,1458,8,,,0
201,'5515',1841,,1461,8,,,0,372,,1459,8,,,0,117,,1460,8,,,0
201,'5516',600,,1471,8,,,0,47,,1475,8,,,0,168,,1464,8,,,0,89,,1466,8,,,0,127,,1465,8,,,0,92,,1479,8,,,0,91,,1467,8,,,0,98,,1468,8,,,0,123,,1477,8,,,0,87,,1469,8,,,0,109,,1470,8,,,0,104,,1478,8,,,0,105,,1473,8,,,0,187,,1474,8,,,0,30,,1472,8,,,0,98,,1462,8,,,0
201,'5608',702,,1452,8,,,0,30,,1444,8,,,0,385,,1447,8,,,0,325,,1451,8,,,0
201,'5610',702,,1684,8,,,0,30,,1681,8,,,0,385,,1682,8,,,0,325,,1683,8,,,0
400,'5115',710,,1541,5,,,0,241,,1536,5,,,0,157,,1535,5,,,0,212,,1538,5,,,0,205,,1537,5,,,0,225,,1539,5,,,0,159,,1540,5,,,0,308,,1534,5,,,0
400,'5513',1000,,1547,5,,,0,220,,1548,5,,,0,404,,1542,5,,,0,120,,1544,5,,,0,181,,1543,5,,,0
400,'5515',2239,,1550,5,,,0
400,'5516',710,,1558,5,,,0,241,,1553,5,,,0,157,,1552,5,,,0,212,,1555,5,,,0,205,,1554,5,,,0,225,,1556,5,,,0,159,,1557,5,,,0,308,,1551,5,,,0
400,'5608',600,,1545,5,,,0,124,,1546,5,,,0,611,,1549,5,,,0
400,'5610',600,,1687,5,,,0,124,,1688,5,,,0,611,,1689,5,,,0
