101,'5115',706,,1387,87,,,0,233,,1391,87,,,0,264,,1393,87,,,0,220,,1392,87,,,0,212,,1394,87,,,0,219,,1395,87,,,0,158,,1390,87,,,0,315,,1389,87,,,0,202,,1388,87,,,0
101,'5513',721,,1405,87,,,0,85,,1409,93,,,0,134,,1406,87,,,0,119,,1407,87,,,0,141,,1408,87,,,0,124,,1410,93,,,0,215,,1411,93,,,0,97,,1396,87,,,0,121,,1397,93,,,0,94,,1398,87,,,0,160,,1399,87,,,0,100,,1400,87,,,0,119,,1401,87,,,0,99,,1402,87,,,0,28,,1403,67,,,0,173,,1404,87,,,0
101,'5516',706,,1413,87,,,0,233,,1417,87,,,0,264,,1419,87,,,0,220,,1418,87,,,0,212,,1420,87,,,0,219,,1421,87,,,0,158,,1416,87,,,0,315,,1415,87,,,0,202,,1414,87,,,0
101,'5608',1422,,1412,87,,,0
101,'5610',1422,,1680,87,,,0
9001,'5115',751,,1624,50,,,0,156,,1626,47,,,0,110,,1623,50,,,0,114,,1631,47,,,0,98,,1622,47,,,0,125,,1630,50,,,0,88,,1621,50,,,0,166,,1627,47,,,0,119,,1625,50,,,0,98,,1628,47,,,0,118,,1629,47,,,0,102,,1620,50,,,0,160,,1619,50,,,0
9001,'5513',636,,1632,47,,,0,71,,1640,50,,,0,37,,1641,50,,,0,76,,1642,50,,,0,28,,1656,47,,,0,67,,1633,50,,,0,43,,1644,50,,,0,75,,1645,50,,,0,24,,1653,47,,,0,102,,1646,47,,,0,96,,1654,50,,,0,97,,1635,47,,,0,72,,1651,50,,,0,80,,1655,50,,,0,42,,1649,47,,,0,65,,1634,50,,,0,97,,1648,50,,,0,17,,1658,47,,,0,77,,1652,47,,,0,53,,1659,50,,,0,90,,1639,50,,,0,98,,1637,47,,,0,77,,1657,50,,,0,85,,1650,50,,,0,100,,1638,50,,,0
9001,'5514',1439,,1660,50,,,0,193,,1661,47,,,0,194,,1662,50,,,0
9001,'5515',1439,,1663,50,,,0,193,,1664,47,,,0,194,,1665,50,,,0
9001,'5516',751,,1671,50,,,0,156,,1673,47,,,0,110,,1670,50,,,0,114,,1678,47,,,0,98,,1669,47,,,0,125,,1677,50,,,0,88,,1668,50,,,0,166,,1674,47,,,0,119,,1672,50,,,0,98,,1675,47,,,0,118,,1676,47,,,0,102,,1667,50,,,0,160,,1666,50,,,0
9001,'5608',935,,1643,50,,,0,193,,1636,50,,,0,189,,1647,50,,,0
9001,'5610',935,,1694,50,,,0,193,,1693,50,,,0,189,,1695,50,,,0
