101,'5115',707,,1387,90,,,0,233,,1391,90,,,0,264,,1393,90,,,0,220,,1392,90,,,0,212,,1394,90,,,0,219,,1395,90,,,0,158,,1390,90,,,0,315,,1389,90,,,0,202,,1388,90,,,0
101,'5210',706,,1074,90,,,0,232,,1078,90,,,0,263,,1080,90,,,0,217,,1079,90,,,0,215,,1081,90,,,0,214,,1082,90,,,0,164,,1077,90,,,0,220,,1076,90,,,0,95,,1083,90,,,0,202,,1075,90,,,0
101,'5513',722,,1405,90,,,0,85,,1409,96,,,0,134,,1406,90,,,0,159,,1407,90,,,0,101,,1408,90,,,0,124,,1410,96,,,0,98,,1412,90,,,0,117,,1411,96,,,0,97,,1396,90,,,0,121,,1397,96,,,0,94,,1398,90,,,0,160,,1399,90,,,0,100,,1400,90,,,0,119,,1401,90,,,0,99,,1402,90,,,0,28,,1403,70,,,0,173,,1404,90,,,0
101,'5516',707,,1413,90,,,0,233,,1417,90,,,0,264,,1419,90,,,0,220,,1418,90,,,0,212,,1420,90,,,0,219,,1421,90,,,0,158,,1416,90,,,0,315,,1415,90,,,0,202,,1414,90,,,0
9001,'5115',753,,1624,53,,,0,156,,1626,50,,,0,110,,1623,53,,,0,114,,1631,50,,,0,98,,1622,50,,,0,125,,1630,53,,,0,88,,1621,53,,,0,166,,1627,50,,,0,119,,1625,53,,,0,98,,1628,50,,,0,118,,1629,50,,,0,102,,1620,53,,,0,160,,1619,53,,,0
9001,'5210',752,,1341,53,,,0,157,,1342,50,,,0,122,,1340,53,,,0,99,,1347,50,,,0,2,,1349,50,,,0,118,,1339,50,,,0,104,,1346,53,,,0,80,,1338,53,,,0,174,,1343,50,,,0,2,,1350,50,,,0,112,,1348,53,,,0,99,,1344,50,,,0,2,,1351,50,,,0,121,,1345,50,,,0,102,,1337,53,,,0,160,,1336,53,,,0
9001,'5513',637,,1632,50,,,0,71,,1640,53,,,0,38,,1641,53,,,0,76,,1642,53,,,0,28,,1656,50,,,0,67,,1633,53,,,0,20,,1643,53,,,0,22,,1644,53,,,0,75,,1645,53,,,0,24,,1653,50,,,0,71,,1636,53,,,0,72,,1646,50,,,0,56,,1654,53,,,0,62,,1647,53,,,0,35,,1635,50,,,0,72,,1651,53,,,0,80,,1655,53,,,0,42,,1649,50,,,0,65,,1634,53,,,0,97,,1648,53,,,0,17,,1658,50,,,0,77,,1652,50,,,0,53,,1659,53,,,0,90,,1639,53,,,0,97,,1637,50,,,0,78,,1657,53,,,0,85,,1650,53,,,0,100,,1638,53,,,0
9001,'5514',1441,,1660,53,,,0,193,,1661,50,,,0,194,,1662,53,,,0
9001,'5515',1441,,1663,53,,,0,193,,1664,50,,,0,194,,1665,53,,,0
9001,'5516',753,,1671,53,,,0,156,,1673,50,,,0,110,,1670,53,,,0,114,,1678,50,,,0,98,,1669,50,,,0,125,,1677,53,,,0,88,,1668,53,,,0,166,,1674,50,,,0,119,,1672,53,,,0,98,,1675,50,,,0,118,,1676,50,,,0,102,,1667,53,,,0,160,,1666,53,,,0
