100,'5115',502,,1352,5,,,0,220,,1353,5,,,0,222,,1354,5,,,0,211,,1355,5,,,0,259,,1356,5,,,0,220,,1357,5,,,0,123,,1358,5,,,0,357,,1359,5,,,0,206,,1360,5,,,0
100,'5513',512,,1371,5,,,0,41,,1373,5,,,0,170,,1370,5,,,0,94,,1375,5,0,5 6 2,0,126,,1372,5,,,0,105,,1374,5,,,0,254,,1362,5,,,0,109,,1377,5,0,5 6 2,0,125,,1361,5,,,0,95,,1363,5,0,5 6 2,0,123,,1365,5,,,0,103,,1366,5,,,0,166,,1367,5,,,0,90,,1364,5,,,0,113,,1368,5,0,7 8,0,79,,1369,5,,,0
100,'5516',502,,1378,5,,,0,220,,1379,5,,,0,222,,1380,5,,,0,211,,1381,5,,,0,259,,1382,5,,,0,220,,1383,5,,,0,123,,1384,5,,,0,357,,1385,5,,,0,206,,1386,5,,,0
100,'5608',1151,,1376,5,0,5 6 2,0
100,'5610',1151,,1679,5,0,5 6 2,0
9000,'5115',621,,1559,5,,,0,118,,1569,5,,,0,100,,1560,5,,,0,162,,1571,5,,,0,53,,1564,5,,,0,162,,1570,5,,,0,89,,1561,5,,,0,127,,1567,5,,,0,122,,1562,5,,,0,95,,1566,5,,,0,160,,1565,5,,,0,103,,1568,5,,,0,120,,1563,5,,,0
9000,'5513',521,,1572,5,,,0,28,,1596,5,,,0,75,,1580,5,,,0,22,,1581,5,,,0,67,,1573,5,,,0,27,,1582,5,,,0,92,,1595,5,,,0,27,,1583,5,,,0,73,,1584,5,,,0,102,,1585,5,,,0,81,,1593,5,,,0,101,,1591,5,,,0,25,,1598,5,,,0,91,,1594,5,,,0,73,,1586,5,,,0,30,,1576,5,,,0,98,,1587,5,,,0,20,,1592,5,,,0,72,,1588,5,,,0,99,,1577,5,,,0,92,,1599,5,,,0,96,,1589,5,,,0,35,,1579,5,,,0,92,,1590,5,,,0,95,,1578,5,,,0
9000,'5514',1303,,1600,5,,,0,198,,1601,5,,,0,153,,1602,5,,,0
9000,'5515',1303,,1603,5,,,0,198,,1604,5,,,0,153,,1605,5,,,0
9000,'5516',621,,1606,5,,,0,118,,1616,5,,,0,100,,1607,5,,,0,162,,1618,5,,,0,53,,1611,5,,,0,162,,1617,5,,,0,89,,1608,5,,,0,127,,1614,5,,,0,122,,1609,5,,,0,95,,1613,5,,,0,160,,1612,5,,,0,103,,1615,5,,,0,120,,1610,5,,,0
9000,'5608',806,,1597,5,,,0,196,,1574,5,,,0,139,,1575,5,,,0
9000,'5610',806,,1692,5,,,0,196,,1690,5,,,0,139,,1691,5,,,0
