100,'5115',549,,1352,78,,,0,263,,1353,78,,,0,223,,1354,78,,,0,212,,1355,78,,,0,259,,1356,78,,,0,220,,1357,78,,,0,120,,1358,78,,,0,355,,1359,78,,,0,206,,1360,78,,,0
100,'5513',558,,1371,78,,,0,81,,1373,78,,,0,174,,1370,78,,,0,100,,1375,84,0,5 6 2,0,120,,1372,78,,,0,105,,1374,78,,,0,215,,1362,78,,,0,155,,1377,84,0,5 6 2,0,119,,1361,78,,,0,101,,1363,84,0,5 6 2,0,118,,1365,78,,,0,100,,1366,78,,,0,166,,1367,78,,,0,90,,1364,78,,,0,151,,1369,78,,,0
100,'5516',549,,1378,78,,,0,263,,1379,78,,,0,223,,1380,78,,,0,212,,1381,78,,,0,259,,1382,78,,,0,220,,1383,78,,,0,120,,1384,78,,,0,355,,1385,78,,,0,206,,1386,78,,,0
100,'5608',1248,,1376,84,0,5 6 2,0
100,'5610',1248,,1679,84,0,5 6 2,0
9000,'5115',650,,1559,44,,,0,158,,1569,44,,,0,225,,1571,44,,,0,93,,1564,44,,,0,122,,1570,44,,,0,259,,1567,44,,,0,335,,1565,44,,,0,260,,1563,44,,,0
9000,'5513',618,,1596,44,,,0,98,,1581,44,,,0,28,,1573,44,,,0,161,,1595,44,,,0,26,,1583,44,,,0,174,,1585,44,,,0,41,,1593,44,,,0,168,,1598,44,,,0,92,,1594,44,,,0,221,,1592,44,,,0,32,,1588,44,,,0,98,,1577,44,,,0,185,,1589,44,,,0,75,,1579,44,,,0,185,,1578,44,,,0
9000,'5514',1336,,1600,44,,,0,200,,1601,44,,,0
9000,'5515',1336,,1603,44,,,0,200,,1604,44,,,0
9000,'5516',650,,1606,44,,,0,158,,1616,44,,,0,225,,1618,44,,,0,93,,1611,44,,,0,122,,1617,44,,,0,259,,1614,44,,,0,335,,1612,44,,,0,260,,1610,44,,,0
