100,'5115',554,,1352,84,,,0,263,,1353,84,,,0,223,,1354,84,,,0,212,,1355,84,,,0,259,,1356,84,,,0,220,,1357,84,,,0,120,,1358,84,,,0,355,,1359,84,,,0,206,,1360,84,,,0
100,'5210',553,,1037,84,,,0,264,,1038,84,,,0,225,,1039,84,,,0,210,,1040,84,,,0,260,,1041,84,,,0,220,,1042,84,,,0,115,,1043,84,,,0,265,,1044,84,,,0,95,,1046,84,,,0,205,,1045,84,,,0
100,'5513',602,,1371,84,,,0,41,,1373,84,,,0,174,,1370,84,,,0,100,,1375,90,0,5 6 2,0,120,,1372,84,,,0,105,,1374,84,,,0,110,,1376,90,0,5 6 2,0,105,,1362,84,,,0,155,,1377,90,0,5 6 2,0,120,,1361,84,,,0,100,,1363,90,0,5 6 2,0,119,,1365,84,,,0,100,,1366,84,,,0,166,,1367,84,,,0,90,,1364,84,,,0,151,,1369,84,,,0
100,'5516',554,,1378,84,,,0,263,,1379,84,,,0,223,,1380,84,,,0,212,,1381,84,,,0,259,,1382,84,,,0,220,,1383,84,,,0,120,,1384,84,,,0,355,,1385,84,,,0,206,,1386,84,,,0
9000,'5115',654,,1559,50,,,0,158,,1569,50,,,0,225,,1571,50,,,0,93,,1564,50,,,0,122,,1570,50,,,0,260,,1567,50,,,0,335,,1565,50,,,0,260,,1563,50,,,0
9000,'5210',654,,1270,50,,,0,163,,1278,50,,,0,210,,1285,50,,,0,10,,1280,50,,,0,115,,1274,50,,,0,100,,1279,50,,,0,250,,1284,50,,,0,10,,1281,50,,,0,335,,1275,50,,,0,260,,1273,50,,,0
9000,'5513',622,,1596,50,,,0,98,,1581,50,,,0,28,,1573,50,,,0,162,,1595,50,,,0,26,,1583,50,,,0,174,,1585,50,,,0,41,,1593,50,,,0,168,,1598,50,,,0,92,,1594,50,,,0,221,,1592,50,,,0,72,,1588,50,,,0,98,,1577,50,,,0,145,,1589,50,,,0,75,,1579,50,,,0,185,,1578,50,,,0
9000,'5514',1341,,1600,50,,,0,200,,1601,50,,,0
9000,'5515',1341,,1603,50,,,0,200,,1604,50,,,0
9000,'5516',654,,1606,50,,,0,158,,1616,50,,,0,225,,1618,50,,,0,93,,1611,50,,,0,122,,1617,50,,,0,260,,1614,50,,,0,335,,1612,50,,,0,260,,1610,50,,,0
