100,'5115',528,,1352,47,,,0,222,,1353,47,,,0,262,,1354,47,,,0,212,,1355,47,,,0,219,,1356,47,,,0,260,,1357,47,,,0,121,,1358,47,,,0,317,,1359,47,,,0,206,,1360,47,,,0
100,'5513',537,,1371,47,,,0,81,,1373,47,,,0,132,,1370,47,,,0,99,,1375,53,0,5 6 2,0,161,,1372,47,,,0,105,,1374,47,,,0,215,,1362,47,,,0,113,,1377,53,0,5 6 2,0,161,,1361,47,,,0,100,,1363,53,0,5 6 2,0,119,,1365,47,,,0,101,,1366,47,,,0,126,,1367,47,,,0,90,,1364,47,,,0,113,,1368,47,0,7 8,0,78,,1369,47,,,0
100,'5516',528,,1378,47,,,0,222,,1379,47,,,0,262,,1380,47,,,0,212,,1381,47,,,0,219,,1382,47,,,0,260,,1383,47,,,0,121,,1384,47,,,0,317,,1385,47,,,0,206,,1386,47,,,0
100,'5608',1223,,1376,53,0,5 6 2,0
100,'5610',1223,,1679,53,0,5 6 2,0
9000,'5115',641,,1559,33,,,0,118,,1569,33,,,0,142,,1560,33,,,0,122,,1571,33,,,0,93,,1564,33,,,0,122,,1570,33,,,0,91,,1561,33,,,0,127,,1567,33,,,0,162,,1562,33,,,0,95,,1566,33,,,0,118,,1565,33,,,0,102,,1568,33,,,0,119,,1563,33,,,0
9000,'5513',541,,1572,33,,,0,68,,1596,33,,,0,35,,1580,33,,,0,62,,1581,33,,,0,28,,1573,33,,,0,68,,1582,33,,,0,53,,1595,33,,,0,66,,1583,33,,,0,32,,1584,33,,,0,102,,1585,33,,,0,81,,1593,33,,,0,102,,1591,33,,,0,65,,1598,33,,,0,52,,1594,33,,,0,73,,1586,33,,,0,30,,1576,33,,,0,99,,1587,33,,,0,59,,1592,33,,,0,32,,1588,33,,,0,98,,1577,33,,,0,92,,1599,33,,,0,94,,1589,33,,,0,75,,1579,33,,,0,52,,1590,33,,,0,94,,1578,33,,,0
9000,'5514',1325,,1600,33,,,0,200,,1601,33,,,0,192,,1602,33,,,0
9000,'5515',1325,,1603,33,,,0,200,,1604,33,,,0,192,,1605,33,,,0
9000,'5516',641,,1606,33,,,0,118,,1616,33,,,0,142,,1607,33,,,0,122,,1618,33,,,0,93,,1611,33,,,0,122,,1617,33,,,0,91,,1608,33,,,0,127,,1614,33,,,0,162,,1609,33,,,0,95,,1613,33,,,0,118,,1612,33,,,0,102,,1615,33,,,0,119,,1610,33,,,0
9000,'5608',829,,1597,33,,,0,194,,1574,33,,,0,179,,1575,33,,,0
9000,'5610',829,,1692,33,,,0,194,,1690,33,,,0,179,,1691,33,,,0
