201,'5115',454,,1436,7,,,0,158,,1431,23,,,0,1,,1423,7,,,0,46,,1435,23,,,0,168,,1424,23,,,0,89,,1426,23,,,0,128,,1425,23,,,0,92,,1439,23,,,0,91,,1427,23,,,0,99,,1428,23,,,0,123,,1437,23,,,0,86,,1429,23,,,0,108,,1430,23,,,0,104,,1438,23,,,0,104,,1433,23,,,0,187,,1434,23,,,0,70,,1432,23,,,0,97,,1422,23,,,0
201,'5210',454,,1137,7,,,0,157,,1133,23,,,0,2,,1124,7,,,0,45,,1136,23,,,0,167,,1125,23,,,0,91,,1127,23,,,0,143,,1126,23,,,0,76,,1140,23,,,0,91,,1128,23,,,0,82,,1129,23,,,0,136,,1138,23,,,0,75,,1130,23,,,0,124,,1131,23,,,0,100,,1139,23,,,0,109,,1134,23,,,0,167,,1135,23,,,0,84,,1132,23,,,0,55,,1123,23,,,0
201,'5513',506,,1446,7,,,0,9,,1453,7,,,0,31,,1449,23,,,0,71,,1454,7,,,0,97,,1452,23,,,0,30,,1444,23,,,0,73,,1445,23,,,0,106,,1443,23,,,0,207,,1447,23,,,0,79,,1448,23,,,0,43,,1455,23,,,0,105,,1450,23,,,0,98,,1451,23,,,0,76,,1442,23,,,0,202,,1441,23,,,0,24,,1457,23,,,0,271,,1440,23,,,0
201,'5514',1853,,1458,23,,,0
201,'5515',1853,,1461,23,,,0,371,,1459,23,,,0,115,,1460,23,,,0
201,'5516',454,,1476,7,,,0,158,,1471,23,,,0,1,,1463,7,,,0,46,,1475,23,,,0,168,,1464,23,,,0,89,,1466,23,,,0,128,,1465,23,,,0,92,,1479,23,,,0,91,,1467,23,,,0,99,,1468,23,,,0,123,,1477,23,,,0,86,,1469,23,,,0,108,,1470,23,,,0,104,,1478,23,,,0,104,,1473,23,,,0,187,,1474,23,,,0,70,,1472,23,,,0,97,,1462,23,,,0
400,'5115',749,,1541,58,,,0,284,,1536,58,,,0,117,,1535,58,,,0,253,,1538,58,,,0,204,,1537,58,,,0,224,,1539,58,,,0,117,,1540,58,,,0,308,,1534,58,,,0
400,'5210',749,,1219,58,,,0,284,,1214,58,,,0,123,,1213,60,,,0,202,,1216,58,,,0,262,,1215,60,,,0,208,,1217,58,,,0,127,,1218,58,,,0,301,,1212,58,,,0
400,'5513',638,,1545,58,,,0,165,,1546,58,,,0,235,,1547,58,,,0,220,,1548,58,,,0,155,,1549,58,,,0,288,,1542,58,,,0,121,,1544,58,,,0,181,,1543,58,,,0
400,'5515',2319,,1550,62,,,0
400,'5516',749,,1558,58,,,0,284,,1553,58,,,0,117,,1552,58,,,0,253,,1555,58,,,0,204,,1554,58,,,0,224,,1556,58,,,0,117,,1557,58,,,0,308,,1551,58,,,0
