100,'5115',511,,1352,17,,,0,221,,1353,17,,,0,222,,1354,17,,,0,251,,1355,17,,,0,219,,1356,17,,,0,220,,1357,17,,,0,163,,1358,17,,,0,317,,1359,17,,,0,206,,1360,17,,,0
100,'5210',511,,1037,17,,,0,224,,1038,17,,,0,221,,1039,17,,,0,250,,1040,17,,,0,221,,1041,17,,,0,220,,1042,17,,,0,156,,1043,17,,,0,225,,1044,17,,,0,95,,1046,17,,,0,206,,1045,17,,,0
100,'5513',520,,1371,17,,,0,81,,1373,17,,,0,131,,1370,17,,,0,99,,1375,23,0,5 6 2,0,121,,1372,17,,,0,105,,1374,17,,,0,148,,1376,23,0,5 6 2,0,107,,1362,17,,,0,113,,1377,23,0,5 6 2,0,121,,1361,17,,,0,100,,1363,23,0,5 6 2,0,158,,1365,17,,,0,102,,1366,17,,,0,126,,1367,17,,,0,90,,1364,17,,,0,113,,1368,17,0,7 8,0,79,,1369,17,,,0
100,'5516',511,,1378,17,,,0,221,,1379,17,,,0,222,,1380,17,,,0,251,,1381,17,,,0,219,,1382,17,,,0,220,,1383,17,,,0,163,,1384,17,,,0,317,,1385,17,,,0,206,,1386,17,,,0
9000,'5115',630,,1559,17,,,0,118,,1569,17,,,0,101,,1560,17,,,0,162,,1571,17,,,0,93,,1564,17,,,0,122,,1570,17,,,0,90,,1561,17,,,0,127,,1567,17,,,0,162,,1562,17,,,0,95,,1566,17,,,0,119,,1565,17,,,0,103,,1568,17,,,0,119,,1563,17,,,0
9000,'5210',629,,1270,17,,,0,123,,1278,17,,,0,160,,1271,17,,,0,89,,1285,17,,,0,10,,1280,17,,,0,115,,1274,17,,,0,97,,1279,17,,,0,94,,1272,17,,,0,118,,1284,17,,,0,10,,1281,17,,,0,162,,1282,17,,,0,50,,1283,17,,,0,50,,1276,17,,,0,113,,1275,17,,,0,109,,1277,17,,,0,114,,1273,17,,,0
9000,'5513',530,,1572,17,,,0,28,,1596,17,,,0,75,,1580,17,,,0,22,,1581,17,,,0,67,,1573,17,,,0,28,,1582,17,,,0,66,,1597,17,,,0,26,,1595,17,,,0,67,,1583,17,,,0,33,,1584,17,,,0,70,,1574,17,,,0,32,,1585,17,,,0,81,,1593,17,,,0,26,,1575,17,,,0,75,,1591,17,,,0,25,,1598,17,,,0,92,,1594,17,,,0,73,,1586,17,,,0,30,,1576,17,,,0,98,,1587,17,,,0,60,,1592,17,,,0,32,,1588,17,,,0,98,,1577,17,,,0,92,,1599,17,,,0,95,,1589,17,,,0,35,,1579,17,,,0,92,,1590,17,,,0,94,,1578,17,,,0
9000,'5514',1313,,1600,17,,,0,199,,1601,17,,,0,193,,1602,17,,,0
9000,'5515',1313,,1603,17,,,0,199,,1604,17,,,0,193,,1605,17,,,0
9000,'5516',630,,1606,17,,,0,118,,1616,17,,,0,101,,1607,17,,,0,162,,1618,17,,,0,93,,1611,17,,,0,122,,1617,17,,,0,90,,1608,17,,,0,127,,1614,17,,,0,162,,1609,17,,,0,95,,1613,17,,,0,119,,1612,17,,,0,103,,1615,17,,,0,119,,1610,17,,,0
