100,'5115',536,,1352,58,,,0,223,,1353,58,,,0,263,,1354,58,,,0,212,,1355,58,,,0,218,,1356,58,,,0,260,,1357,58,,,0,121,,1358,58,,,0,316,,1359,58,,,0,206,,1360,58,,,0
100,'5210',537,,1037,58,,,0,264,,1038,58,,,0,223,,1039,58,,,0,210,,1040,58,,,0,220,,1041,58,,,0,260,,1042,58,,,0,115,,1043,58,,,0,225,,1044,58,,,0,95,,1046,58,,,0,206,,1045,58,,,0
100,'5513',546,,1371,58,,,0,81,,1373,58,,,0,132,,1370,58,,,0,100,,1375,64,0,5 6 2,0,160,,1372,58,,,0,105,,1374,58,,,0,109,,1376,64,0,5 6 2,0,106,,1362,58,,,0,114,,1377,64,0,5 6 2,0,160,,1361,58,,,0,101,,1363,64,0,5 6 2,0,118,,1365,58,,,0,101,,1366,58,,,0,126,,1367,58,,,0,90,,1364,58,,,0,153,,1368,58,0,7 8,0,38,,1369,58,,,0
100,'5516',536,,1378,58,,,0,223,,1379,58,,,0,263,,1380,58,,,0,212,,1381,58,,,0,218,,1382,58,,,0,260,,1383,58,,,0,121,,1384,58,,,0,316,,1385,58,,,0,206,,1386,58,,,0
9000,'5115',644,,1559,36,,,0,158,,1569,36,,,0,103,,1560,36,,,0,122,,1571,36,,,0,93,,1564,36,,,0,122,,1570,36,,,0,91,,1561,36,,,0,167,,1567,36,,,0,122,,1562,36,,,0,95,,1566,36,,,0,118,,1565,36,,,0,102,,1568,36,,,0,119,,1563,36,,,0
9000,'5210',644,,1270,36,,,0,163,,1278,36,,,0,121,,1271,36,,,0,89,,1285,36,,,0,10,,1280,36,,,0,115,,1274,36,,,0,99,,1279,36,,,0,92,,1272,36,,,0,118,,1284,36,,,0,50,,1281,36,,,0,122,,1282,36,,,0,90,,1283,36,,,0,10,,1276,36,,,0,113,,1275,36,,,0,107,,1277,36,,,0,114,,1273,36,,,0
9000,'5513',544,,1572,36,,,0,68,,1596,36,,,0,35,,1580,36,,,0,63,,1581,36,,,0,28,,1573,36,,,0,68,,1582,36,,,0,27,,1597,36,,,0,26,,1595,36,,,0,66,,1583,36,,,0,32,,1584,36,,,0,70,,1574,36,,,0,32,,1585,36,,,0,81,,1593,36,,,0,66,,1575,36,,,0,36,,1591,36,,,0,65,,1598,36,,,0,52,,1594,36,,,0,73,,1586,36,,,0,70,,1576,36,,,0,99,,1587,36,,,0,19,,1592,36,,,0,32,,1588,36,,,0,98,,1577,36,,,0,92,,1599,36,,,0,94,,1589,36,,,0,75,,1579,36,,,0,91,,1590,36,,,0,54,,1578,36,,,0
9000,'5514',1329,,1600,36,,,0,200,,1601,36,,,0,192,,1602,36,,,0
9000,'5515',1329,,1603,36,,,0,200,,1604,36,,,0,192,,1605,36,,,0
9000,'5516',644,,1606,36,,,0,158,,1616,36,,,0,103,,1607,36,,,0,122,,1618,36,,,0,93,,1611,36,,,0,122,,1617,36,,,0,91,,1608,36,,,0,167,,1614,36,,,0,122,,1609,36,,,0,95,,1613,36,,,0,118,,1612,36,,,0,102,,1615,36,,,0,119,,1610,36,,,0
