100,'5115',557,,1352,89,4,,0,263,,1353,89,4,,0,224,,1354,89,4,,0,211,,1355,89,4,,0,260,,1356,89,4,,0,220,,1357,89,4,,0,120,,1358,89,4,,0,355,,1359,89,4,,0,205,,1360,89,4,,0
100,'5210',556,,1037,89,4,,0,264,,1038,89,4,,0,225,,1039,89,4,,0,210,,1040,89,4,,0,260,,1041,89,4,,0,220,,1042,89,4,,0,115,,1043,89,4,,0,265,,1044,89,4,,0,95,,1046,89,4,,0,205,,1045,89,4,,0
100,'5513',605,,1371,89,4,,0,41,,1373,89,4,,0,174,,1370,89,4,,0,100,,1375,95,4,,0,120,,1372,89,4,,0,105,,1374,89,4,,0,110,,1376,95,4,,0,145,,1362,89,4,,0,115,,1377,95,4,,0,120,,1361,89,4,,0,100,,1363,95,4,,0,120,,1365,89,4,,0,100,,1366,89,4,,0,165,,1367,89,4,,0,90,,1364,89,4,,0,191,,1369,89,4,,0
100,'5516',557,,1378,89,4,,0,263,,1379,89,4,,0,224,,1380,89,4,,0,211,,1381,89,4,,0,260,,1382,89,4,,0,220,,1383,89,4,,0,120,,1384,89,4,,0,355,,1385,89,4,,0,205,,1386,89,4,,0
101,'5115',605,,1387,1,,,0,230,,1391,1,,,0,220,,1393,1,,,0,260,,1392,1,,,0,215,,1394,1,,,0,220,,1395,1,,,0,160,,1390,1,,,0,315,,1389,1,,,0,205,,1388,1,,,0
101,'5210',605,,1074,1,,,0,230,,1078,1,,,0,220,,1080,1,,,0,260,,1079,1,,,0,215,,1081,1,,,0,215,,1082,1,,,0,165,,1077,1,,,0,220,,1076,1,,,0,95,,1083,1,,,0,205,,1075,1,,,0
101,'5513',620,,1405,1,,,0,81,,1409,1,,,0,134,,1406,1,,,0,120,,1407,1,,,0,100,,1408,1,,,0,160,,1410,1,,,0,100,,1412,1,,,0,115,,1411,1,,,0,100,,1396,1,,,0,120,,1397,1,,,0,100,,1398,1,,,0,160,,1399,1,,,0,100,,1400,1,,,0,120,,1401,1,,,0,100,,1402,1,,,0,201,,1404,1,,,0
101,'5516',605,,1413,1,,,0,230,,1417,1,,,0,220,,1419,1,,,0,260,,1418,1,,,0,215,,1420,1,,,0,220,,1421,1,,,0,160,,1416,1,,,0,315,,1415,1,,,0,205,,1414,1,,,0
9000,'5115',657,,1559,55,4,,0,158,,1569,55,4,,0,103,,1560,48,4,,0,122,,1571,55,4,,0,93,,1564,55,4,,0,122,,1570,55,4,,0,91,,1561,48,4,,0,169,,1567,55,4,,0,120,,1562,48,4,,0,95,,1566,48,4,,0,120,,1565,55,4,,0,100,,1568,48,4,,0,160,,1563,55,4,,0
9000,'5210',657,,1270,55,4,,0,163,,1278,55,4,,0,120,,1271,48,4,,0,90,,1285,55,4,,0,10,,1280,55,4,,0,115,,1274,55,4,,0,100,,1279,55,4,,0,90,,1272,48,4,,0,160,,1284,55,4,,0,10,,1281,55,4,,0,120,,1282,48,4,,0,90,,1283,48,4,,0,10,,1276,48,4,,0,115,,1275,55,4,,0,105,,1277,48,4,,0,155,,1273,55,4,,0
9000,'5513',555,,1572,48,4,,0,70,,1596,55,4,,0,75,,1580,48,4,,0,23,,1581,55,4,,0,28,,1573,55,4,,0,69,,1582,48,4,,0,27,,1597,48,4,,0,67,,1595,55,4,,0,26,,1583,55,4,,0,70,,1584,48,4,,0,30,,1574,48,4,,0,74,,1585,55,4,,0,41,,1593,55,4,,0,64,,1575,48,4,,0,36,,1591,48,4,,0,68,,1598,55,4,,0,92,,1594,55,4,,0,30,,1586,48,4,,0,70,,1576,48,4,,0,100,,1587,48,4,,0,20,,1592,55,4,,0,72,,1588,55,4,,0,98,,1577,55,4,,0,50,,1599,48,4,,0,95,,1589,55,4,,0,75,,1579,55,4,,0,90,,1590,48,4,,0,95,,1578,55,4,,0
9000,'5514',1345,,1600,55,4,,0,200,,1601,55,4,,0,190,,1602,48,4,,0
9000,'5515',1345,,1603,55,4,,0,200,,1604,55,4,,0,190,,1605,48,4,,0
9000,'5516',657,,1606,55,4,,0,158,,1616,55,4,,0,103,,1607,48,4,,0,122,,1618,55,4,,0,93,,1611,55,4,,0,122,,1617,55,4,,0,91,,1608,48,4,,0,169,,1614,55,4,,0,120,,1609,48,4,,0,95,,1613,48,4,,0,120,,1612,55,4,,0,100,,1615,48,4,,0,160,,1610,55,4,,0
9001,'5115',712,,1624,1,,,0,115,,1626,1,,,0,108,,1623,1,,,0,115,,1631,1,,,0,98,,1622,1,,,0,162,,1630,1,,,0,48,,1621,1,,,0,167,,1627,1,,,0,120,,1625,1,,,0,100,,1628,1,,,0,160,,1629,1,,,0,100,,1620,1,,,0,120,,1619,1,,,0
9001,'5210',712,,1341,1,,,0,118,,1342,1,,,0,120,,1340,1,,,0,100,,1347,1,,,0,2,,1349,1,,,0,158,,1339,1,,,0,100,,1346,1,,,0,40,,1338,1,,,0,175,,1343,1,,,0,2,,1350,1,,,0,113,,1348,1,,,0,100,,1344,1,,,0,2,,1351,1,,,0,163,,1345,1,,,0,100,,1337,1,,,0,120,,1336,1,,,0
9001,'5513',600,,1632,1,,,0,30,,1640,1,,,0,75,,1641,1,,,0,33,,1642,1,,,0,68,,1656,1,,,0,29,,1633,1,,,0,20,,1643,1,,,0,64,,1644,1,,,0,36,,1645,1,,,0,65,,1653,1,,,0,30,,1636,1,,,0,70,,1646,1,,,0,95,,1654,1,,,0,20,,1647,1,,,0,75,,1635,1,,,0,30,,1651,1,,,0,80,,1655,1,,,0,80,,1649,1,,,0,25,,1634,1,,,0,100,,1648,1,,,0,20,,1658,1,,,0,77,,1652,1,,,0,93,,1659,1,,,0,90,,1639,1,,,0,100,,1637,1,,,0,35,,1657,1,,,0,85,,1650,1,,,0,100,,1638,1,,,0
9001,'5514',1355,,1660,1,,,0,195,,1661,1,,,0,195,,1662,1,,,0
9001,'5515',1355,,1663,1,,,0,195,,1664,1,,,0,195,,1665,1,,,0
9001,'5516',712,,1671,1,,,0,115,,1673,1,,,0,108,,1670,1,,,0,115,,1678,1,,,0,98,,1669,1,,,0,162,,1677,1,,,0,48,,1668,1,,,0,167,,1674,1,,,0,120,,1672,1,,,0,100,,1675,1,,,0,160,,1676,1,,,0,100,,1667,1,,,0,120,,1666,1,,,0
