100,'5115',538,,1352,61,,,0,263,,1353,61,,,0,223,,1354,61,,,0,212,,1355,61,,,0,218,,1356,61,,,0,260,,1357,61,,,0,121,,1358,61,,,0,316,,1359,61,,,0,206,,1360,61,,,0
100,'5210',539,,1037,61,,,0,264,,1038,61,,,0,223,,1039,61,,,0,210,,1040,61,,,0,220,,1041,61,,,0,260,,1042,61,,,0,115,,1043,61,,,0,225,,1044,61,,,0,95,,1046,61,,,0,206,,1045,61,,,0
100,'5513',548,,1371,61,,,0,81,,1373,61,,,0,172,,1370,61,,,0,100,,1375,67,0,5 6 2,0,120,,1372,61,,,0,105,,1374,61,,,0,109,,1376,67,0,5 6 2,0,106,,1362,61,,,0,114,,1377,67,0,5 6 2,0,160,,1361,61,,,0,101,,1363,67,0,5 6 2,0,118,,1365,61,,,0,101,,1366,61,,,0,166,,1367,61,,,0,50,,1364,61,,,0,153,,1368,61,0,7 8,0,38,,1369,61,,,0
100,'5516',538,,1378,61,,,0,263,,1379,61,,,0,223,,1380,61,,,0,212,,1381,61,,,0,218,,1382,61,,,0,260,,1383,61,,,0,121,,1384,61,,,0,316,,1385,61,,,0,206,,1386,61,,,0
9000,'5115',646,,1559,39,,,0,158,,1569,39,,,0,225,,1571,39,,,0,93,,1564,39,,,0,122,,1570,39,,,0,259,,1567,39,,,0,335,,1565,39,,,0,220,,1563,39,,,0
9000,'5210',646,,1270,39,,,0,163,,1278,39,,,0,210,,1285,39,,,0,10,,1280,39,,,0,115,,1274,39,,,0,99,,1279,39,,,0,210,,1284,39,,,0,50,,1281,39,,,0,335,,1275,39,,,0,221,,1273,39,,,0
9000,'5513',614,,1596,39,,,0,98,,1581,39,,,0,28,,1573,39,,,0,161,,1595,39,,,0,26,,1583,39,,,0,174,,1585,39,,,0,41,,1593,39,,,0,168,,1598,39,,,0,92,,1594,39,,,0,221,,1592,39,,,0,32,,1588,39,,,0,98,,1577,39,,,0,185,,1589,39,,,0,75,,1579,39,,,0,145,,1578,39,,,0
9000,'5514',1332,,1600,39,,,0,200,,1601,39,,,0
9000,'5515',1332,,1603,39,,,0,200,,1604,39,,,0
9000,'5516',646,,1606,39,,,0,158,,1616,39,,,0,225,,1618,39,,,0,93,,1611,39,,,0,122,,1617,39,,,0,259,,1614,39,,,0,335,,1612,39,,,0,220,,1610,39,,,0
