101,'5115',613,,1387,12,,,0,232,,1391,12,,,0,260,,1393,12,,,0,220,,1392,12,,,0,214,,1394,12,,,0,220,,1395,12,,,0,160,,1390,12,,,0,315,,1389,12,,,0,205,,1388,12,,,0
101,'5513',628,,1405,12,,,0,82,,1409,12,,,0,134,,1406,12,,,0,159,,1407,12,,,0,100,,1408,12,,,0,121,,1410,12,,,0,215,,1411,12,,,0,99,,1396,12,,,0,121,,1397,12,,,0,99,,1398,12,,,0,160,,1399,12,,,0,100,,1400,12,,,0,120,,1401,12,,,0,100,,1402,12,,,0,201,,1404,12,,,0
101,'5516',613,,1413,12,,,0,232,,1417,12,,,0,260,,1419,12,,,0,220,,1418,12,,,0,214,,1420,12,,,0,220,,1421,12,,,0,160,,1416,12,,,0,315,,1415,12,,,0,205,,1414,12,,,0
101,'5608',1323,,1412,12,,,0
101,'5610',1323,,1680,12,,,0
9001,'5115',718,,1624,8,,,0,223,,1623,8,,,0,375,,1630,8,,,0,88,,1621,8,,,0,247,,1625,8,,,0,360,,1620,8,,,0,120,,1619,8,,,0
9001,'5513',636,,1640,8,,,0,75,,1641,8,,,0,33,,1642,8,,,0,97,,1633,8,,,0,84,,1644,8,,,0,76,,1645,8,,,0,220,,1654,8,,,0,125,,1651,8,,,0,80,,1655,8,,,0,106,,1634,8,,,0,99,,1648,8,,,0,190,,1659,8,,,0,90,,1639,8,,,0,135,,1657,8,,,0,85,,1650,8,,,0,100,,1638,8,,,0
9001,'5514',1401,,1660,8,,,0,350,,1662,8,,,0
9001,'5515',1401,,1663,8,,,0,350,,1665,8,,,0
9001,'5516',718,,1671,8,,,0,223,,1670,8,,,0,375,,1677,8,,,0,88,,1668,8,,,0,247,,1672,8,,,0,360,,1667,8,,,0,120,,1666,8,,,0
9001,'5608',901,,1643,8,,,0,155,,1636,8,,,0,185,,1647,8,,,0
9001,'5610',901,,1694,8,,,0,155,,1693,8,,,0,185,,1695,8,,,0
