100,'5115',540,,1352,63,,,0,263,,1353,63,,,0,223,,1354,63,,,0,212,,1355,63,,,0,218,,1356,63,,,0,260,,1357,63,,,0,121,,1358,63,,,0,316,,1359,63,,,0,206,,1360,63,,,0
100,'5210',540,,1037,63,,,0,264,,1038,63,,,0,224,,1039,63,,,0,210,,1040,63,,,0,220,,1041,63,,,0,260,,1042,63,,,0,115,,1043,63,,,0,225,,1044,63,,,0,95,,1046,63,,,0,205,,1045,63,,,0
100,'5513',549,,1371,63,,,0,81,,1373,63,,,0,173,,1370,63,,,0,100,,1375,69,0,5 6 2,0,120,,1372,63,,,0,105,,1374,63,,,0,109,,1376,69,0,5 6 2,0,106,,1362,63,,,0,114,,1377,69,0,5 6 2,0,160,,1361,63,,,0,101,,1363,69,0,5 6 2,0,118,,1365,63,,,0,101,,1366,63,,,0,166,,1367,63,,,0,50,,1364,63,,,0,153,,1368,63,0,7 8,0,38,,1369,63,,,0
100,'5516',540,,1378,63,,,0,263,,1379,63,,,0,223,,1380,63,,,0,212,,1381,63,,,0,218,,1382,63,,,0,260,,1383,63,,,0,121,,1384,63,,,0,316,,1385,63,,,0,206,,1386,63,,,0
9000,'5115',648,,1559,41,,,0,158,,1569,41,,,0,225,,1571,41,,,0,93,,1564,41,,,0,122,,1570,41,,,0,259,,1567,41,,,0,335,,1565,41,,,0,260,,1563,41,,,0
9000,'5210',648,,1270,41,,,0,163,,1278,41,,,0,210,,1285,41,,,0,10,,1280,41,,,0,115,,1274,41,,,0,99,,1279,41,,,0,210,,1284,41,,,0,50,,1281,41,,,0,335,,1275,41,,,0,261,,1273,41,,,0
9000,'5513',616,,1596,41,,,0,98,,1581,41,,,0,28,,1573,41,,,0,161,,1595,41,,,0,26,,1583,41,,,0,174,,1585,41,,,0,41,,1593,41,,,0,168,,1598,41,,,0,92,,1594,41,,,0,221,,1592,41,,,0,32,,1588,41,,,0,98,,1577,41,,,0,185,,1589,41,,,0,75,,1579,41,,,0,185,,1578,41,,,0
9000,'5514',1334,,1600,41,,,0,200,,1601,41,,,0
9000,'5515',1334,,1603,41,,,0,200,,1604,41,,,0
9000,'5516',648,,1606,41,,,0,158,,1616,41,,,0,225,,1618,41,,,0,93,,1611,41,,,0,122,,1617,41,,,0,259,,1614,41,,,0,335,,1612,41,,,0,260,,1610,41,,,0
