100,'5115',459,,1352,2,,,0,260,,1353,2,,,0,221,,1354,2,,,0,211,,1355,2,,,0,259,,1356,2,,,0,220,,1357,2,,,0,123,,1358,2,,,0,357,,1359,2,,,0,207,,1360,2,,,0
100,'5513',509,,1371,2,,,0,41,,1373,2,,,0,170,,1370,2,,,0,94,,1375,2,0,5 6 2,0,126,,1372,2,,,0,105,,1374,2,,,0,214,,1362,2,,,0,148,,1377,2,0,5 6 2,0,126,,1361,2,,,0,94,,1363,2,0,5 6 2,0,123,,1365,2,,,0,104,,1366,2,,,0,166,,1367,2,,,0,90,,1364,2,,,0,113,,1368,2,0,7 8,0,79,,1369,2,,,0
100,'5516',459,,1378,2,,,0,260,,1379,2,,,0,221,,1380,2,,,0,211,,1381,2,,,0,259,,1382,2,,,0,220,,1383,2,,,0,123,,1384,2,,,0,357,,1385,2,,,0,207,,1386,2,,,0
100,'5608',1148,,1376,2,0,5 6 2,0
100,'5610',1148,,1679,2,0,5 6 2,0
201,'5115',554,,1431,2,,,0,87,,1435,2,,,0,168,,1424,2,,,0,49,,1426,2,,,0,167,,1425,2,,,0,92,,1439,2,,,0,91,,1427,2,,,0,98,,1428,2,,,0,123,,1437,2,,,0,87,,1429,2,,,0,109,,1430,2,,,0,104,,1438,2,,,0,105,,1433,2,,,0,187,,1434,2,,,0,30,,1432,2,,,0,98,,1422,2,,,0
201,'5513',529,,1449,2,,,0,230,,1445,2,,,0,146,,1443,2,,,0,245,,1448,2,,,0,83,,1455,2,,,0,105,,1450,2,,,0,173,,1442,2,,,0,203,,1441,2,,,0,24,,1457,2,,,0,273,,1440,2,,,0,391,,1456,2,,,0
201,'5514',1835,,1458,2,,,0
201,'5515',1835,,1461,2,,,0,372,,1459,2,,,0,117,,1460,2,,,0
201,'5516',554,,1471,2,,,0,87,,1475,2,,,0,168,,1464,2,,,0,49,,1466,2,,,0,167,,1465,2,,,0,92,,1479,2,,,0,91,,1467,2,,,0,98,,1468,2,,,0,123,,1477,2,,,0,87,,1469,2,,,0,109,,1470,2,,,0,104,,1478,2,,,0,105,,1473,2,,,0,187,,1474,2,,,0,30,,1472,2,,,0,98,,1462,2,,,0
201,'5608',656,,1452,2,,,0,70,,1444,2,,,0,385,,1447,2,,,0,324,,1451,2,,,0
201,'5610',656,,1684,2,,,0,70,,1681,2,,,0,385,,1682,2,,,0,324,,1683,2,,,0
300,'5115',619,,1487,2,0,9 10,0,139,,1481,2,0,9 10,0,164,,1488,2,0,9 10,0,130,,1482,2,0,9 10,0,187,,1483,2,0,9 10,0,214,,1484,2,0,9 10,0,248,,1485,2,0,9 10,0,135,,1486,2,0,9 10,0,280,,1480,2,0,9 10,0
300,'5513',823,,1494,2,0,9 10,0,298,,1495,2,0,9 10,0,183,,1496,2,0,9 10,0,114,,1489,2,0,9 10,0,226,,1491,2,0,9 10,0,68,,1492,2,0,9 10,0,197,,1490,2,0,9 10,0
300,'5515',2144,,1497,2,0,9 10,0
300,'5516',619,,1505,2,0,9 10,0,139,,1499,2,0,9 10,0,164,,1506,2,0,9 10,0,130,,1500,2,0,9 10,0,187,,1501,2,0,9 10,0,214,,1502,2,0,9 10,0,248,,1503,2,0,9 10,0,135,,1504,2,0,9 10,0,280,,1498,2,0,9 10,0
300,'5608',644,,1493,2,0,9 10,0
300,'5610',644,,1685,2,0,9 10,0
400,'5115',706,,1541,2,,,0,241,,1536,2,,,0,157,,1535,2,,,0,212,,1538,2,,,0,205,,1537,2,,,0,225,,1539,2,,,0,159,,1540,2,,,0,308,,1534,2,,,0
400,'5513',956,,1547,2,,,0,260,,1548,2,,,0,404,,1542,2,,,0,120,,1544,2,,,0,181,,1543,2,,,0
400,'5515',2235,,1550,2,,,0
400,'5516',706,,1558,2,,,0,241,,1553,2,,,0,157,,1552,2,,,0,212,,1555,2,,,0,205,,1554,2,,,0,225,,1556,2,,,0,159,,1557,2,,,0,308,,1551,2,,,0
400,'5608',556,,1545,2,,,0,164,,1546,2,,,0,611,,1549,2,,,0
400,'5610',556,,1687,2,,,0,164,,1688,2,,,0,611,,1689,2,,,0
9000,'5115',617,,1559,2,,,0,118,,1569,2,,,0,101,,1560,2,,,0,121,,1571,2,,,0,93,,1564,2,,,0,162,,1570,2,,,0,89,,1561,2,,,0,127,,1567,2,,,0,122,,1562,2,,,0,95,,1566,2,,,0,160,,1565,2,,,0,104,,1568,2,,,0,119,,1563,2,,,0
9000,'5513',518,,1572,2,,,0,28,,1596,2,,,0,75,,1580,2,,,0,22,,1581,2,,,0,66,,1573,2,,,0,28,,1582,2,,,0,92,,1595,2,,,0,27,,1583,2,,,0,73,,1584,2,,,0,102,,1585,2,,,0,81,,1593,2,,,0,101,,1591,2,,,0,25,,1598,2,,,0,91,,1594,2,,,0,73,,1586,2,,,0,30,,1576,2,,,0,98,,1587,2,,,0,20,,1592,2,,,0,72,,1588,2,,,0,99,,1577,2,,,0,92,,1599,2,,,0,95,,1589,2,,,0,35,,1579,2,,,0,92,,1590,2,,,0,95,,1578,2,,,0
9000,'5514',1300,,1600,2,,,0,158,,1601,2,,,0,193,,1602,2,,,0
9000,'5515',1300,,1603,2,,,0,158,,1604,2,,,0,193,,1605,2,,,0
9000,'5516',617,,1606,2,,,0,118,,1616,2,,,0,101,,1607,2,,,0,121,,1618,2,,,0,93,,1611,2,,,0,162,,1617,2,,,0,89,,1608,2,,,0,127,,1614,2,,,0,122,,1609,2,,,0,95,,1613,2,,,0,160,,1612,2,,,0,104,,1615,2,,,0,119,,1610,2,,,0
9000,'5608',803,,1597,2,,,0,156,,1574,2,,,0,179,,1575,2,,,0
9000,'5610',803,,1692,2,,,0,156,,1690,2,,,0,179,,1691,2,,,0
