100,'5115',544,,1352,72,,,0,263,,1353,72,,,0,223,,1354,72,,,0,212,,1355,72,,,0,259,,1356,72,,,0,220,,1357,72,,,0,120,,1358,72,,,0,316,,1359,72,,,0,246,,1360,72,,,0
100,'5513',553,,1371,72,,,0,81,,1373,72,,,0,173,,1370,72,,,0,100,,1375,78,0,5 6 2,0,120,,1372,72,,,0,105,,1374,72,,,0,215,,1362,72,,,0,155,,1377,78,0,5 6 2,0,119,,1361,72,,,0,101,,1363,78,0,5 6 2,0,118,,1365,72,,,0,101,,1366,72,,,0,166,,1367,72,,,0,50,,1364,72,,,0,191,,1369,72,,,0
100,'5516',544,,1378,72,,,0,263,,1379,72,,,0,223,,1380,72,,,0,212,,1381,72,,,0,259,,1382,72,,,0,220,,1383,72,,,0,120,,1384,72,,,0,316,,1385,72,,,0,246,,1386,72,,,0
100,'5608',1242,,1376,78,0,5 6 2,0
100,'5610',1242,,1679,78,0,5 6 2,0
101,'5115',619,,1387,22,,,0,232,,1391,22,,,0,261,,1393,22,,,0,220,,1392,22,,,0,214,,1394,22,,,0,260,,1395,22,,,0,120,,1390,22,,,0,315,,1389,22,,,0,204,,1388,22,,,0
101,'5513',634,,1405,22,,,0,82,,1409,22,,,0,135,,1406,22,,,0,159,,1407,22,,,0,100,,1408,22,,,0,120,,1410,22,,,0,215,,1411,22,,,0,100,,1396,22,,,0,160,,1397,22,,,0,100,,1398,22,,,0,120,,1399,22,,,0,100,,1400,22,,,0,120,,1401,22,,,0,100,,1402,22,,,0,68,,1403,2,,,0,133,,1404,22,,,0
101,'5516',619,,1413,22,,,0,232,,1417,22,,,0,261,,1419,22,,,0,220,,1418,22,,,0,214,,1420,22,,,0,260,,1421,22,,,0,120,,1416,22,,,0,315,,1415,22,,,0,204,,1414,22,,,0
101,'5608',1330,,1412,22,,,0
101,'5610',1330,,1680,22,,,0
