101,'5115',701,,1387,80,,,0,233,,1391,80,,,0,224,,1393,80,,,0,260,,1392,80,,,0,212,,1394,80,,,0,220,,1395,80,,,0,158,,1390,80,,,0,315,,1389,80,,,0,202,,1388,80,,,0
101,'5210',700,,1074,80,,,0,232,,1078,80,,,0,223,,1080,80,,,0,258,,1079,80,,,0,215,,1081,80,,,0,214,,1082,80,,,0,164,,1077,80,,,0,220,,1076,80,,,0,95,,1083,80,,,0,202,,1075,80,,,0
101,'5513',716,,1405,80,,,0,84,,1409,86,,,0,135,,1406,80,,,0,119,,1407,80,,,0,100,,1408,80,,,0,164,,1410,86,,,0,98,,1412,80,,,0,117,,1411,86,,,0,97,,1396,80,,,0,121,,1397,86,,,0,96,,1398,80,,,0,160,,1399,80,,,0,100,,1400,80,,,0,119,,1401,80,,,0,99,,1402,80,,,0,28,,1403,60,,,0,173,,1404,80,,,0
101,'5516',701,,1413,80,,,0,233,,1417,80,,,0,224,,1419,80,,,0,260,,1418,80,,,0,212,,1420,80,,,0,220,,1421,80,,,0,158,,1416,80,,,0,315,,1415,80,,,0,202,,1414,80,,,0
9001,'5115',745,,1624,43,,,0,156,,1626,40,,,0,109,,1623,43,,,0,114,,1631,40,,,0,98,,1622,40,,,0,125,,1630,43,,,0,88,,1621,43,,,0,166,,1627,40,,,0,120,,1625,43,,,0,98,,1628,40,,,0,118,,1629,40,,,0,102,,1620,43,,,0,120,,1619,43,,,0
9001,'5210',745,,1341,43,,,0,157,,1342,40,,,0,122,,1340,43,,,0,99,,1347,40,,,0,2,,1349,40,,,0,118,,1339,40,,,0,103,,1346,43,,,0,80,,1338,43,,,0,174,,1343,40,,,0,2,,1350,40,,,0,112,,1348,43,,,0,99,,1344,40,,,0,2,,1351,40,,,0,122,,1345,40,,,0,102,,1337,43,,,0,120,,1336,43,,,0
9001,'5513',631,,1632,40,,,0,71,,1640,43,,,0,36,,1641,43,,,0,75,,1642,43,,,0,28,,1656,40,,,0,69,,1633,43,,,0,20,,1643,43,,,0,23,,1644,43,,,0,75,,1645,43,,,0,24,,1653,40,,,0,71,,1636,43,,,0,29,,1646,40,,,0,96,,1654,43,,,0,62,,1647,43,,,0,35,,1635,40,,,0,72,,1651,43,,,0,40,,1655,43,,,0,82,,1649,40,,,0,65,,1634,43,,,0,97,,1648,43,,,0,18,,1658,40,,,0,37,,1652,40,,,0,94,,1659,43,,,0,90,,1639,43,,,0,98,,1637,40,,,0,77,,1657,43,,,0,85,,1650,43,,,0,100,,1638,43,,,0
9001,'5514',1432,,1660,43,,,0,193,,1661,40,,,0,195,,1662,43,,,0
9001,'5515',1432,,1663,43,,,0,193,,1664,40,,,0,195,,1665,43,,,0
9001,'5516',745,,1671,43,,,0,156,,1673,40,,,0,109,,1670,43,,,0,114,,1678,40,,,0,98,,1669,40,,,0,125,,1677,43,,,0,88,,1668,43,,,0,166,,1674,40,,,0,120,,1672,43,,,0,98,,1675,40,,,0,118,,1676,40,,,0,102,,1667,43,,,0,120,,1666,43,,,0
