101,'5115',624,,1387,30,,,0,233,,1391,30,,,0,262,,1393,30,,,0,220,,1392,30,,,0,213,,1394,30,,,0,260,,1395,30,,,0,119,,1390,30,,,0,315,,1389,30,,,0,204,,1388,30,,,0
101,'5210',624,,1074,30,,,0,232,,1078,30,,,0,263,,1080,30,,,0,218,,1079,30,,,0,215,,1081,30,,,0,254,,1082,30,,,0,124,,1077,30,,,0,220,,1076,30,,,0,95,,1083,30,,,0,204,,1075,30,,,0
101,'5513',639,,1405,30,,,0,81,,1409,30,,,0,137,,1406,30,,,0,159,,1407,30,,,0,100,,1408,30,,,0,120,,1410,30,,,0,101,,1412,30,,,0,114,,1411,30,,,0,100,,1396,30,,,0,159,,1397,30,,,0,100,,1398,30,,,0,120,,1399,30,,,0,100,,1400,30,,,0,120,,1401,30,,,0,99,,1402,30,,,0,68,,1403,10,,,0,133,,1404,30,,,0
101,'5516',624,,1413,30,,,0,233,,1417,30,,,0,262,,1419,30,,,0,220,,1418,30,,,0,213,,1420,30,,,0,260,,1421,30,,,0,119,,1416,30,,,0,315,,1415,30,,,0,204,,1414,30,,,0
9001,'5115',722,,1624,13,,,0,223,,1623,13,,,0,375,,1630,13,,,0,88,,1621,13,,,0,247,,1625,13,,,0,360,,1620,13,,,0,120,,1619,13,,,0
9001,'5210',722,,1341,13,,,0,278,,1340,13,,,0,320,,1346,13,,,0,80,,1338,13,,,0,250,,1348,13,,,0,365,,1337,13,,,0,120,,1336,13,,,0
9001,'5513',639,,1640,13,,,0,75,,1641,13,,,0,33,,1642,13,,,0,98,,1633,13,,,0,60,,1643,13,,,0,24,,1644,13,,,0,76,,1645,13,,,0,95,,1636,13,,,0,125,,1654,13,,,0,20,,1647,13,,,0,105,,1651,13,,,0,80,,1655,13,,,0,106,,1634,13,,,0,99,,1648,13,,,0,190,,1659,13,,,0,90,,1639,13,,,0,135,,1657,13,,,0,85,,1650,13,,,0,100,,1638,13,,,0
9001,'5514',1405,,1660,13,,,0,350,,1662,13,,,0
9001,'5515',1405,,1663,13,,,0,350,,1665,13,,,0
9001,'5516',722,,1671,13,,,0,223,,1670,13,,,0,375,,1677,13,,,0,88,,1668,13,,,0,247,,1672,13,,,0,360,,1667,13,,,0,120,,1666,13,,,0
