100,'5115',513,,1352,20,,,0,221,,1353,20,,,0,222,,1354,20,,,0,251,,1355,20,,,0,219,,1356,20,,,0,220,,1357,20,,,0,163,,1358,20,,,0,317,,1359,20,,,0,206,,1360,20,,,0
100,'5210',513,,1037,20,,,0,224,,1038,20,,,0,221,,1039,20,,,0,250,,1040,20,,,0,221,,1041,20,,,0,220,,1042,20,,,0,156,,1043,20,,,0,225,,1044,20,,,0,95,,1046,20,,,0,206,,1045,20,,,0
100,'5513',522,,1371,20,,,0,81,,1373,20,,,0,131,,1370,20,,,0,99,,1375,26,0,5 6 2,0,121,,1372,20,,,0,105,,1374,20,,,0,148,,1376,26,0,5 6 2,0,107,,1362,20,,,0,113,,1377,26,0,5 6 2,0,121,,1361,20,,,0,100,,1363,26,0,5 6 2,0,158,,1365,20,,,0,102,,1366,20,,,0,126,,1367,20,,,0,90,,1364,20,,,0,113,,1368,20,0,7 8,0,79,,1369,20,,,0
100,'5516',513,,1378,20,,,0,221,,1379,20,,,0,222,,1380,20,,,0,251,,1381,20,,,0,219,,1382,20,,,0,220,,1383,20,,,0,163,,1384,20,,,0,317,,1385,20,,,0,206,,1386,20,,,0
9000,'5115',632,,1559,20,,,0,118,,1569,20,,,0,101,,1560,20,,,0,162,,1571,20,,,0,93,,1564,20,,,0,122,,1570,20,,,0,90,,1561,20,,,0,127,,1567,20,,,0,162,,1562,20,,,0,95,,1566,20,,,0,119,,1565,20,,,0,103,,1568,20,,,0,119,,1563,20,,,0
9000,'5210',631,,1270,20,,,0,123,,1278,20,,,0,160,,1271,20,,,0,89,,1285,20,,,0,10,,1280,20,,,0,115,,1274,20,,,0,98,,1279,20,,,0,93,,1272,20,,,0,118,,1284,20,,,0,10,,1281,20,,,0,162,,1282,20,,,0,50,,1283,20,,,0,50,,1276,20,,,0,113,,1275,20,,,0,109,,1277,20,,,0,114,,1273,20,,,0
9000,'5513',532,,1572,20,,,0,68,,1596,20,,,0,35,,1580,20,,,0,22,,1581,20,,,0,67,,1573,20,,,0,28,,1582,20,,,0,66,,1597,20,,,0,26,,1595,20,,,0,67,,1583,20,,,0,33,,1584,20,,,0,70,,1574,20,,,0,32,,1585,20,,,0,81,,1593,20,,,0,26,,1575,20,,,0,75,,1591,20,,,0,25,,1598,20,,,0,92,,1594,20,,,0,73,,1586,20,,,0,30,,1576,20,,,0,98,,1587,20,,,0,60,,1592,20,,,0,32,,1588,20,,,0,98,,1577,20,,,0,92,,1599,20,,,0,95,,1589,20,,,0,35,,1579,20,,,0,92,,1590,20,,,0,94,,1578,20,,,0
9000,'5514',1315,,1600,20,,,0,199,,1601,20,,,0,193,,1602,20,,,0
9000,'5515',1315,,1603,20,,,0,199,,1604,20,,,0,193,,1605,20,,,0
9000,'5516',632,,1606,20,,,0,118,,1616,20,,,0,101,,1607,20,,,0,162,,1618,20,,,0,93,,1611,20,,,0,122,,1617,20,,,0,90,,1608,20,,,0,127,,1614,20,,,0,162,,1609,20,,,0,95,,1613,20,,,0,119,,1612,20,,,0,103,,1615,20,,,0,119,,1610,20,,,0
