101,'5115',703,,1387,83,,,0,233,,1391,83,,,0,264,,1393,83,,,0,220,,1392,83,,,0,212,,1394,83,,,0,219,,1395,83,,,0,158,,1390,83,,,0,315,,1389,83,,,0,203,,1388,83,,,0
101,'5513',718,,1405,83,,,0,84,,1409,89,,,0,135,,1406,83,,,0,119,,1407,83,,,0,100,,1408,83,,,0,164,,1410,89,,,0,215,,1411,89,,,0,97,,1396,83,,,0,121,,1397,89,,,0,95,,1398,83,,,0,160,,1399,83,,,0,100,,1400,83,,,0,120,,1401,83,,,0,99,,1402,83,,,0,28,,1403,63,,,0,173,,1404,83,,,0
101,'5516',703,,1413,83,,,0,233,,1417,83,,,0,264,,1419,83,,,0,220,,1418,83,,,0,212,,1420,83,,,0,219,,1421,83,,,0,158,,1416,83,,,0,315,,1415,83,,,0,203,,1414,83,,,0
101,'5608',1418,,1412,83,,,0
101,'5610',1418,,1680,83,,,0
9001,'5115',747,,1624,46,,,0,156,,1626,43,,,0,110,,1623,46,,,0,114,,1631,43,,,0,98,,1622,43,,,0,125,,1630,46,,,0,88,,1621,46,,,0,166,,1627,43,,,0,119,,1625,46,,,0,98,,1628,43,,,0,118,,1629,43,,,0,102,,1620,46,,,0,160,,1619,46,,,0
9001,'5513',633,,1632,43,,,0,71,,1640,46,,,0,36,,1641,46,,,0,76,,1642,46,,,0,28,,1656,43,,,0,68,,1633,46,,,0,43,,1644,46,,,0,75,,1645,46,,,0,24,,1653,43,,,0,101,,1646,43,,,0,96,,1654,46,,,0,97,,1635,43,,,0,72,,1651,46,,,0,80,,1655,46,,,0,42,,1649,43,,,0,65,,1634,46,,,0,97,,1648,46,,,0,17,,1658,43,,,0,37,,1652,43,,,0,94,,1659,46,,,0,90,,1639,46,,,0,98,,1637,43,,,0,77,,1657,46,,,0,85,,1650,46,,,0,100,,1638,46,,,0
9001,'5514',1435,,1660,46,,,0,193,,1661,43,,,0,194,,1662,46,,,0
9001,'5515',1435,,1663,46,,,0,193,,1664,43,,,0,194,,1665,46,,,0
9001,'5516',747,,1671,46,,,0,156,,1673,43,,,0,110,,1670,46,,,0,114,,1678,43,,,0,98,,1669,43,,,0,125,,1677,46,,,0,88,,1668,46,,,0,166,,1674,43,,,0,119,,1672,46,,,0,98,,1675,43,,,0,118,,1676,43,,,0,102,,1667,46,,,0,160,,1666,46,,,0
9001,'5608',932,,1643,46,,,0,193,,1636,46,,,0,188,,1647,46,,,0
9001,'5610',932,,1694,46,,,0,193,,1693,46,,,0,188,,1695,46,,,0
