201,'5115',607,,1431,16,,,0,47,,1435,16,,,0,168,,1424,16,,,0,89,,1426,16,,,0,127,,1425,16,,,0,92,,1439,16,,,0,91,,1427,16,,,0,98,,1428,16,,,0,123,,1437,16,,,0,87,,1429,16,,,0,109,,1430,16,,,0,104,,1438,16,,,0,105,,1433,16,,,0,187,,1434,16,,,0,70,,1432,16,,,0,97,,1422,16,,,0
201,'5513',541,,1449,16,,,0,271,,1445,16,,,0,106,,1443,16,,,0,285,,1448,16,,,0,43,,1455,16,,,0,105,,1450,16,,,0,174,,1442,16,,,0,202,,1441,16,,,0,24,,1457,16,,,0,272,,1440,16,,,0,391,,1456,16,,,0
201,'5514',1848,,1458,16,,,0
201,'5515',1848,,1461,16,,,0,371,,1459,16,,,0,117,,1460,16,,,0
201,'5516',607,,1471,16,,,0,47,,1475,16,,,0,168,,1464,16,,,0,89,,1466,16,,,0,127,,1465,16,,,0,92,,1479,16,,,0,91,,1467,16,,,0,98,,1468,16,,,0,123,,1477,16,,,0,87,,1469,16,,,0,109,,1470,16,,,0,104,,1478,16,,,0,105,,1473,16,,,0,187,,1474,16,,,0,70,,1472,16,,,0,97,,1462,16,,,0
201,'5608',709,,1452,16,,,0,30,,1444,16,,,0,385,,1447,16,,,0,325,,1451,16,,,0
201,'5610',709,,1684,16,,,0,30,,1681,16,,,0,385,,1682,16,,,0,325,,1683,16,,,0
400,'5115',712,,1541,9,,,0,241,,1536,9,,,0,157,,1535,9,,,0,212,,1538,9,,,0,206,,1537,9,,,0,224,,1539,9,,,0,159,,1540,9,,,0,309,,1534,9,,,0
400,'5513',1002,,1547,9,,,0,220,,1548,9,,,0,404,,1542,9,,,0,120,,1544,9,,,0,181,,1543,9,,,0
400,'5515',2243,,1550,13,,,0
400,'5516',712,,1558,9,,,0,241,,1553,9,,,0,157,,1552,9,,,0,212,,1555,9,,,0,206,,1554,9,,,0,224,,1556,9,,,0,159,,1557,9,,,0,309,,1551,9,,,0
400,'5608',602,,1545,9,,,0,124,,1546,9,,,0,611,,1549,9,,,0
400,'5610',602,,1687,9,,,0,124,,1688,9,,,0,611,,1689,9,,,0
