101,'5115',703,,1387,84,,,0,234,,1391,84,,,0,263,,1393,84,,,0,220,,1392,84,,,0,213,,1394,84,,,0,219,,1395,84,,,0,158,,1390,84,,,0,315,,1389,84,,,0,202,,1388,84,,,0
101,'5210',703,,1074,84,,,0,232,,1078,84,,,0,223,,1080,84,,,0,257,,1079,84,,,0,215,,1081,84,,,0,214,,1082,84,,,0,164,,1077,84,,,0,220,,1076,84,,,0,95,,1083,84,,,0,202,,1075,84,,,0
101,'5513',719,,1405,84,,,0,84,,1409,90,,,0,134,,1406,84,,,0,119,,1407,84,,,0,101,,1408,84,,,0,164,,1410,90,,,0,98,,1412,84,,,0,117,,1411,90,,,0,97,,1396,84,,,0,121,,1397,90,,,0,95,,1398,84,,,0,160,,1399,84,,,0,100,,1400,84,,,0,119,,1401,84,,,0,99,,1402,84,,,0,28,,1403,64,,,0,173,,1404,84,,,0
101,'5516',703,,1413,84,,,0,234,,1417,84,,,0,263,,1419,84,,,0,220,,1418,84,,,0,213,,1420,84,,,0,219,,1421,84,,,0,158,,1416,84,,,0,315,,1415,84,,,0,202,,1414,84,,,0
9001,'5115',748,,1624,47,,,0,156,,1626,44,,,0,110,,1623,47,,,0,114,,1631,44,,,0,98,,1622,44,,,0,125,,1630,47,,,0,88,,1621,47,,,0,166,,1627,44,,,0,119,,1625,47,,,0,98,,1628,44,,,0,118,,1629,44,,,0,102,,1620,47,,,0,160,,1619,47,,,0
9001,'5210',748,,1341,47,,,0,157,,1342,44,,,0,122,,1340,47,,,0,99,,1347,44,,,0,2,,1349,44,,,0,118,,1339,44,,,0,103,,1346,47,,,0,80,,1338,47,,,0,174,,1343,44,,,0,2,,1350,44,,,0,112,,1348,47,,,0,99,,1344,44,,,0,2,,1351,44,,,0,122,,1345,44,,,0,102,,1337,47,,,0,160,,1336,47,,,0
9001,'5513',633,,1632,44,,,0,71,,1640,47,,,0,37,,1641,47,,,0,76,,1642,47,,,0,28,,1656,44,,,0,68,,1633,47,,,0,20,,1643,47,,,0,22,,1644,47,,,0,75,,1645,47,,,0,24,,1653,44,,,0,71,,1636,47,,,0,31,,1646,44,,,0,96,,1654,47,,,0,62,,1647,47,,,0,35,,1635,44,,,0,72,,1651,47,,,0,80,,1655,47,,,0,42,,1649,44,,,0,65,,1634,47,,,0,97,,1648,47,,,0,17,,1658,44,,,0,37,,1652,44,,,0,94,,1659,47,,,0,90,,1639,47,,,0,97,,1637,44,,,0,78,,1657,47,,,0,85,,1650,47,,,0,100,,1638,47,,,0
9001,'5514',1436,,1660,47,,,0,193,,1661,44,,,0,194,,1662,47,,,0
9001,'5515',1436,,1663,47,,,0,193,,1664,44,,,0,194,,1665,47,,,0
9001,'5516',748,,1671,47,,,0,156,,1673,44,,,0,110,,1670,47,,,0,114,,1678,44,,,0,98,,1669,44,,,0,125,,1677,47,,,0,88,,1668,47,,,0,166,,1674,44,,,0,119,,1672,47,,,0,98,,1675,44,,,0,118,,1676,44,,,0,102,,1667,47,,,0,160,,1666,47,,,0
