101,'5115',615,,1387,13,,,0,231,,1391,13,,,0,260,,1393,13,,,0,220,,1392,13,,,0,214,,1394,13,,,0,260,,1395,13,,,0,120,,1390,13,,,0,315,,1389,13,,,0,205,,1388,13,,,0
101,'5513',629,,1405,13,,,0,82,,1409,13,,,0,134,,1406,13,,,0,159,,1407,13,,,0,100,,1408,13,,,0,121,,1410,13,,,0,215,,1411,13,,,0,99,,1396,13,,,0,161,,1397,13,,,0,59,,1398,13,,,0,160,,1399,13,,,0,100,,1400,13,,,0,120,,1401,13,,,0,100,,1402,13,,,0,201,,1404,13,,,0
101,'5516',615,,1413,13,,,0,231,,1417,13,,,0,260,,1419,13,,,0,220,,1418,13,,,0,214,,1420,13,,,0,260,,1421,13,,,0,120,,1416,13,,,0,315,,1415,13,,,0,205,,1414,13,,,0
101,'5608',1324,,1412,13,,,0
101,'5610',1324,,1680,13,,,0
9001,'5115',719,,1624,9,,,0,223,,1623,9,,,0,375,,1630,9,,,0,88,,1621,9,,,0,247,,1625,9,,,0,360,,1620,9,,,0,120,,1619,9,,,0
9001,'5513',637,,1640,9,,,0,75,,1641,9,,,0,33,,1642,9,,,0,97,,1633,9,,,0,84,,1644,9,,,0,76,,1645,9,,,0,220,,1654,9,,,0,125,,1651,9,,,0,80,,1655,9,,,0,106,,1634,9,,,0,99,,1648,9,,,0,190,,1659,9,,,0,90,,1639,9,,,0,135,,1657,9,,,0,85,,1650,9,,,0,100,,1638,9,,,0
9001,'5514',1402,,1660,9,,,0,350,,1662,9,,,0
9001,'5515',1402,,1663,9,,,0,350,,1665,9,,,0
9001,'5516',719,,1671,9,,,0,223,,1670,9,,,0,375,,1677,9,,,0,88,,1668,9,,,0,247,,1672,9,,,0,360,,1667,9,,,0,120,,1666,9,,,0
9001,'5608',902,,1643,9,,,0,155,,1636,9,,,0,185,,1647,9,,,0
9001,'5610',902,,1694,9,,,0,155,,1693,9,,,0,185,,1695,9,,,0
