101,'5115',658,,1387,76,,,0,274,,1391,76,,,0,223,,1393,76,,,0,260,,1392,76,,,0,213,,1394,76,,,0,219,,1395,76,,,0,158,,1390,76,,,0,315,,1389,76,,,0,203,,1388,76,,,0
101,'5513',714,,1405,76,,,0,44,,1409,82,,,0,174,,1406,76,,,0,119,,1407,76,,,0,101,,1408,76,,,0,164,,1410,82,,,0,215,,1411,82,,,0,97,,1396,76,,,0,121,,1397,82,,,0,95,,1398,76,,,0,160,,1399,76,,,0,100,,1400,76,,,0,120,,1401,76,,,0,99,,1402,76,,,0,28,,1403,56,,,0,173,,1404,76,,,0
101,'5516',658,,1413,76,,,0,274,,1417,76,,,0,223,,1419,76,,,0,260,,1418,76,,,0,213,,1420,76,,,0,219,,1421,76,,,0,158,,1416,76,,,0,315,,1415,76,,,0,203,,1414,76,,,0
101,'5608',1414,,1412,76,,,0
101,'5610',1414,,1680,76,,,0
9001,'5115',742,,1624,39,,,0,116,,1626,36,,,0,149,,1623,39,,,0,114,,1631,36,,,0,98,,1622,36,,,0,125,,1630,39,,,0,88,,1621,39,,,0,126,,1627,36,,,0,160,,1625,39,,,0,98,,1628,36,,,0,118,,1629,36,,,0,102,,1620,39,,,0,120,,1619,39,,,0
9001,'5513',628,,1632,36,,,0,31,,1640,39,,,0,76,,1641,39,,,0,75,,1642,39,,,0,28,,1656,36,,,0,69,,1633,39,,,0,43,,1644,39,,,0,75,,1645,39,,,0,24,,1653,36,,,0,100,,1646,36,,,0,96,,1654,39,,,0,97,,1635,36,,,0,72,,1651,39,,,0,40,,1655,39,,,0,82,,1649,36,,,0,65,,1634,39,,,0,57,,1648,39,,,0,58,,1658,36,,,0,37,,1652,36,,,0,94,,1659,39,,,0,90,,1639,39,,,0,98,,1637,36,,,0,77,,1657,39,,,0,45,,1650,39,,,0,100,,1638,39,,,0
9001,'5514',1429,,1660,39,,,0,193,,1661,36,,,0,195,,1662,39,,,0
9001,'5515',1429,,1663,39,,,0,193,,1664,36,,,0,195,,1665,39,,,0
9001,'5516',742,,1671,39,,,0,116,,1673,36,,,0,149,,1670,39,,,0,114,,1678,36,,,0,98,,1669,36,,,0,125,,1677,39,,,0,88,,1668,39,,,0,126,,1674,36,,,0,160,,1672,39,,,0,98,,1675,36,,,0,118,,1676,36,,,0,102,,1667,39,,,0,120,,1666,39,,,0
9001,'5608',927,,1643,39,,,0,193,,1636,39,,,0,187,,1647,39,,,0
9001,'5610',927,,1694,39,,,0,193,,1693,39,,,0,187,,1695,39,,,0
