100,'5115',504,,1352,9,,,0,220,,1353,9,,,0,222,,1354,9,,,0,211,,1355,9,,,0,259,,1356,9,,,0,220,,1357,9,,,0,123,,1358,9,,,0,357,,1359,9,,,0,206,,1360,9,,,0
100,'5513',514,,1371,9,,,0,41,,1373,9,,,0,170,,1370,9,,,0,95,,1375,9,0,5 6 2,0,125,,1372,9,,,0,105,,1374,9,,,0,254,,1362,9,,,0,109,,1377,9,0,5 6 2,0,125,,1361,9,,,0,95,,1363,9,0,5 6 2,0,123,,1365,9,,,0,103,,1366,9,,,0,166,,1367,9,,,0,90,,1364,9,,,0,113,,1368,9,0,7 8,0,79,,1369,9,,,0
100,'5516',504,,1378,9,,,0,220,,1379,9,,,0,222,,1380,9,,,0,211,,1381,9,,,0,259,,1382,9,,,0,220,,1383,9,,,0,123,,1384,9,,,0,357,,1385,9,,,0,206,,1386,9,,,0
100,'5608',1154,,1376,9,0,5 6 2,0
100,'5610',1154,,1679,9,0,5 6 2,0
9000,'5115',623,,1559,9,,,0,118,,1569,9,,,0,101,,1560,9,,,0,162,,1571,9,,,0,53,,1564,9,,,0,162,,1570,9,,,0,89,,1561,9,,,0,127,,1567,9,,,0,122,,1562,9,,,0,95,,1566,9,,,0,160,,1565,9,,,0,103,,1568,9,,,0,119,,1563,9,,,0
9000,'5513',523,,1572,9,,,0,28,,1596,9,,,0,75,,1580,9,,,0,22,,1581,9,,,0,67,,1573,9,,,0,28,,1582,9,,,0,92,,1595,9,,,0,67,,1583,9,,,0,33,,1584,9,,,0,102,,1585,9,,,0,81,,1593,9,,,0,101,,1591,9,,,0,25,,1598,9,,,0,91,,1594,9,,,0,73,,1586,9,,,0,30,,1576,9,,,0,98,,1587,9,,,0,20,,1592,9,,,0,72,,1588,9,,,0,99,,1577,9,,,0,92,,1599,9,,,0,95,,1589,9,,,0,35,,1579,9,,,0,92,,1590,9,,,0,95,,1578,9,,,0
9000,'5514',1306,,1600,9,,,0,198,,1601,9,,,0,153,,1602,9,,,0
9000,'5515',1306,,1603,9,,,0,198,,1604,9,,,0,153,,1605,9,,,0
9000,'5516',623,,1606,9,,,0,118,,1616,9,,,0,101,,1607,9,,,0,162,,1618,9,,,0,53,,1611,9,,,0,162,,1617,9,,,0,89,,1608,9,,,0,127,,1614,9,,,0,122,,1609,9,,,0,95,,1613,9,,,0,160,,1612,9,,,0,103,,1615,9,,,0,119,,1610,9,,,0
9000,'5608',809,,1597,9,,,0,196,,1574,9,,,0,139,,1575,9,,,0
9000,'5610',809,,1692,9,,,0,196,,1690,9,,,0,139,,1691,9,,,0
