201,'5115',456,,1436,8,,,0,158,,1431,24,,,0,1,,1423,8,,,0,87,,1435,24,,,0,128,,1424,24,,,0,89,,1426,24,,,0,128,,1425,24,,,0,92,,1439,24,,,0,91,,1427,24,,,0,99,,1428,24,,,0,123,,1437,24,,,0,85,,1429,24,,,0,108,,1430,24,,,0,104,,1438,24,,,0,104,,1433,24,,,0,187,,1434,24,,,0,70,,1432,24,,,0,97,,1422,24,,,0
201,'5513',508,,1446,8,,,0,9,,1453,8,,,0,31,,1449,24,,,0,71,,1454,8,,,0,200,,1445,24,,,0,106,,1443,24,,,0,287,,1448,24,,,0,43,,1455,24,,,0,145,,1450,24,,,0,134,,1442,24,,,0,201,,1441,24,,,0,24,,1457,24,,,0,271,,1440,24,,,0
201,'5514',1855,,1458,24,,,0
201,'5515',1855,,1461,24,,,0,371,,1459,24,,,0,115,,1460,24,,,0
201,'5516',456,,1476,8,,,0,158,,1471,24,,,0,1,,1463,8,,,0,87,,1475,24,,,0,128,,1464,24,,,0,89,,1466,24,,,0,128,,1465,24,,,0,92,,1479,24,,,0,91,,1467,24,,,0,99,,1468,24,,,0,123,,1477,24,,,0,85,,1469,24,,,0,108,,1470,24,,,0,104,,1478,24,,,0,104,,1473,24,,,0,187,,1474,24,,,0,70,,1472,24,,,0,97,,1462,24,,,0
201,'5608',716,,1452,24,,,0,30,,1444,24,,,0,386,,1447,24,,,0,326,,1451,24,,,0
201,'5610',716,,1684,24,,,0,30,,1681,24,,,0,386,,1682,24,,,0,326,,1683,24,,,0
301,'5115',636,,1507,14,0,9 10,0,179,,1514,14,0,9 10,0,124,,1515,14,0,9 10,0,170,,1509,14,0,9 10,0,149,,1512,14,0,9 10,0,253,,1510,14,0,9 10,0,208,,1508,14,0,9 10,0,133,,1513,14,0,9 10,0,280,,1511,14,0,9 10,0
301,'5513',840,,1523,14,0,9 10,0,302,,1516,14,0,9 10,0,183,,1521,14,0,9 10,0,114,,1520,14,0,9 10,0,263,,1517,14,0,9 10,0,28,,1519,14,0,9 10,0,196,,1518,14,0,9 10,0
301,'5515',2203,,1524,14,0,9 10,0
301,'5516',636,,1525,14,0,9 10,0,179,,1532,14,0,9 10,0,124,,1533,14,0,9 10,0,170,,1527,14,0,9 10,0,149,,1530,14,0,9 10,0,253,,1528,14,0,9 10,0,208,,1526,14,0,9 10,0,133,,1531,14,0,9 10,0,280,,1529,14,0,9 10,0
301,'5608',700,,1522,14,0,9 10,0
301,'5610',700,,1686,14,0,9 10,0
400,'5115',751,,1541,59,,,0,283,,1536,59,,,0,117,,1535,59,,,0,253,,1538,59,,,0,205,,1537,59,,,0,224,,1539,59,,,0,117,,1540,59,,,0,308,,1534,59,,,0
400,'5513',1040,,1547,59,,,0,260,,1548,59,,,0,402,,1542,59,,,0,122,,1544,59,,,0,181,,1543,59,,,0
400,'5515',2321,,1550,63,,,0
400,'5516',751,,1558,59,,,0,283,,1553,59,,,0,117,,1552,59,,,0,253,,1555,59,,,0,205,,1554,59,,,0,224,,1556,59,,,0,117,,1557,59,,,0,308,,1551,59,,,0
400,'5608',640,,1545,59,,,0,165,,1546,59,,,0,610,,1549,59,,,0
400,'5610',640,,1687,59,,,0,165,,1688,59,,,0,610,,1689,59,,,0
