101,'5115',623,,1387,28,,,0,233,,1391,28,,,0,261,,1393,28,,,0,220,,1392,28,,,0,214,,1394,28,,,0,260,,1395,28,,,0,119,,1390,28,,,0,315,,1389,28,,,0,204,,1388,28,,,0
101,'5513',638,,1405,28,,,0,81,,1409,28,,,0,137,,1406,28,,,0,159,,1407,28,,,0,100,,1408,28,,,0,120,,1410,28,,,0,215,,1411,28,,,0,100,,1396,28,,,0,159,,1397,28,,,0,100,,1398,28,,,0,120,,1399,28,,,0,100,,1400,28,,,0,120,,1401,28,,,0,99,,1402,28,,,0,68,,1403,8,,,0,133,,1404,28,,,0
101,'5516',623,,1413,28,,,0,233,,1417,28,,,0,261,,1419,28,,,0,220,,1418,28,,,0,214,,1420,28,,,0,260,,1421,28,,,0,119,,1416,28,,,0,315,,1415,28,,,0,204,,1414,28,,,0
101,'5608',1335,,1412,28,,,0
101,'5610',1335,,1680,28,,,0
9001,'5115',720,,1624,12,,,0,223,,1623,12,,,0,376,,1630,12,,,0,88,,1621,12,,,0,247,,1625,12,,,0,359,,1620,12,,,0,120,,1619,12,,,0
9001,'5513',638,,1640,12,,,0,75,,1641,12,,,0,33,,1642,12,,,0,97,,1633,12,,,0,84,,1644,12,,,0,76,,1645,12,,,0,220,,1654,12,,,0,126,,1651,12,,,0,80,,1655,12,,,0,106,,1634,12,,,0,98,,1648,12,,,0,190,,1659,12,,,0,90,,1639,12,,,0,135,,1657,12,,,0,85,,1650,12,,,0,100,,1638,12,,,0
9001,'5514',1404,,1660,12,,,0,349,,1662,12,,,0
9001,'5515',1404,,1663,12,,,0,349,,1665,12,,,0
9001,'5516',720,,1671,12,,,0,223,,1670,12,,,0,376,,1677,12,,,0,88,,1668,12,,,0,247,,1672,12,,,0,359,,1667,12,,,0,120,,1666,12,,,0
9001,'5608',903,,1643,12,,,0,155,,1636,12,,,0,185,,1647,12,,,0
9001,'5610',903,,1694,12,,,0,155,,1693,12,,,0,185,,1695,12,,,0
