101,'5115',636,,1387,44,,,0,274,,1391,44,,,0,222,,1393,44,,,0,220,,1392,44,,,0,253,,1394,44,,,0,220,,1395,44,,,0,118,,1390,44,,,0,315,,1389,44,,,0,244,,1388,44,,,0
101,'5210',636,,1074,44,,,0,272,,1078,44,,,0,223,,1080,44,,,0,218,,1079,44,,,0,255,,1081,44,,,0,214,,1082,44,,,0,124,,1077,44,,,0,260,,1076,44,,,0,55,,1083,44,,,0,244,,1075,44,,,0
101,'5513',651,,1405,44,,,0,81,,1409,44,,,0,177,,1406,44,,,0,119,,1407,44,,,0,100,,1408,44,,,0,121,,1410,44,,,0,101,,1412,44,,,0,154,,1411,44,,,0,100,,1396,44,,,0,119,,1397,44,,,0,99,,1398,44,,,0,120,,1399,44,,,0,100,,1400,44,,,0,160,,1401,44,,,0,99,,1402,44,,,0,28,,1403,24,,,0,173,,1404,44,,,0
101,'5516',636,,1413,44,,,0,274,,1417,44,,,0,222,,1419,44,,,0,220,,1418,44,,,0,253,,1420,44,,,0,220,,1421,44,,,0,118,,1416,44,,,0,315,,1415,44,,,0,244,,1414,44,,,0
9001,'5115',727,,1624,19,,,0,115,,1626,16,,,0,109,,1623,19,,,0,154,,1631,16,,,0,98,,1622,16,,,0,124,,1630,19,,,0,88,,1621,19,,,0,126,,1627,16,,,0,161,,1625,19,,,0,98,,1628,16,,,0,119,,1629,16,,,0,102,,1620,19,,,0,120,,1619,19,,,0
9001,'5210',727,,1341,19,,,0,117,,1342,16,,,0,162,,1340,19,,,0,99,,1347,16,,,0,2,,1349,16,,,0,118,,1339,16,,,0,102,,1346,19,,,0,80,,1338,19,,,0,133,,1343,16,,,0,2,,1350,16,,,0,114,,1348,19,,,0,99,,1344,16,,,0,2,,1351,16,,,0,162,,1345,16,,,0,102,,1337,19,,,0,120,,1336,19,,,0
9001,'5513',613,,1632,16,,,0,31,,1640,19,,,0,75,,1641,19,,,0,34,,1642,19,,,0,68,,1656,16,,,0,30,,1633,19,,,0,60,,1643,19,,,0,24,,1644,19,,,0,76,,1645,19,,,0,24,,1653,16,,,0,71,,1636,19,,,0,29,,1646,16,,,0,96,,1654,19,,,0,20,,1647,19,,,0,74,,1635,16,,,0,32,,1651,19,,,0,80,,1655,19,,,0,80,,1649,16,,,0,26,,1634,19,,,0,98,,1648,19,,,0,59,,1658,16,,,0,37,,1652,16,,,0,94,,1659,19,,,0,90,,1639,19,,,0,98,,1637,16,,,0,37,,1657,19,,,0,85,,1650,19,,,0,100,,1638,19,,,0
9001,'5514',1412,,1660,19,,,0,193,,1661,16,,,0,196,,1662,19,,,0
9001,'5515',1412,,1663,19,,,0,193,,1664,16,,,0,196,,1665,19,,,0
9001,'5516',727,,1671,19,,,0,115,,1673,16,,,0,109,,1670,19,,,0,154,,1678,16,,,0,98,,1669,16,,,0,124,,1677,19,,,0,88,,1668,19,,,0,126,,1674,16,,,0,161,,1672,19,,,0,98,,1675,16,,,0,119,,1676,16,,,0,102,,1667,19,,,0,120,,1666,19,,,0
