100,'5115',459,,1352,1,,,0,260,,1353,1,,,0,221,,1354,1,,,0,211,,1355,1,,,0,259,,1356,1,,,0,220,,1357,1,,,0,123,,1358,1,,,0,357,,1359,1,,,0,207,,1360,1,,,0
100,'5513',509,,1371,1,,,0,41,,1373,1,,,0,170,,1370,1,,,0,93,,1375,1,0,5 6 2,0,127,,1372,1,,,0,105,,1374,1,,,0,214,,1362,1,,,0,147,,1377,1,0,5 6 2,0,127,,1361,1,,,0,93,,1363,1,0,5 6 2,0,124,,1365,1,,,0,104,,1366,1,,,0,166,,1367,1,,,0,90,,1364,1,,,0,113,,1368,1,0,7 8,0,79,,1369,1,,,0
100,'5516',459,,1378,1,,,0,260,,1379,1,,,0,221,,1380,1,,,0,211,,1381,1,,,0,259,,1382,1,,,0,220,,1383,1,,,0,123,,1384,1,,,0,357,,1385,1,,,0,207,,1386,1,,,0
100,'5608',1147,,1376,1,0,5 6 2,0
100,'5610',1147,,1679,1,0,5 6 2,0
101,'5115',708,,1387,91,4,,0,233,,1391,91,4,,0,264,,1393,91,4,,0,220,,1392,91,4,,0,212,,1394,91,4,,0,219,,1395,91,4,,0,158,,1390,91,4,,0,315,,1389,91,4,,0,202,,1388,91,4,,0
101,'5513',723,,1405,91,4,,0,85,,1409,97,4,,0,134,,1406,91,4,,0,159,,1407,91,4,,0,101,,1408,91,4,,0,124,,1410,97,4,,0,215,,1411,97,4,,0,97,,1396,91,4,,0,121,,1397,97,4,,0,94,,1398,91,4,,0,160,,1399,91,4,,0,100,,1400,91,4,,0,119,,1401,91,4,,0,99,,1402,91,4,,0,28,,1403,71,4,,0,173,,1404,91,4,,0
101,'5516',708,,1413,91,4,,0,233,,1417,91,4,,0,264,,1419,91,4,,0,220,,1418,91,4,,0,212,,1420,91,4,,0,219,,1421,91,4,,0,158,,1416,91,4,,0,315,,1415,91,4,,0,202,,1414,91,4,,0
101,'5608',1424,,1412,91,4,,0
101,'5610',1424,,1680,91,4,,0
9000,'5115',617,,1559,1,,,0,118,,1569,1,,,0,100,,1560,1,,,0,121,,1571,1,,,0,93,,1564,1,,,0,162,,1570,1,,,0,89,,1561,1,,,0,127,,1567,1,,,0,122,,1562,1,,,0,95,,1566,1,,,0,160,,1565,1,,,0,104,,1568,1,,,0,120,,1563,1,,,0
9000,'5513',518,,1572,1,,,0,28,,1596,1,,,0,75,,1580,1,,,0,22,,1581,1,,,0,66,,1573,1,,,0,27,,1582,1,,,0,92,,1595,1,,,0,27,,1583,1,,,0,73,,1584,1,,,0,102,,1585,1,,,0,81,,1593,1,,,0,101,,1591,1,,,0,25,,1598,1,,,0,91,,1594,1,,,0,73,,1586,1,,,0,30,,1576,1,,,0,98,,1587,1,,,0,20,,1592,1,,,0,72,,1588,1,,,0,99,,1577,1,,,0,92,,1599,1,,,0,96,,1589,1,,,0,35,,1579,1,,,0,92,,1590,1,,,0,95,,1578,1,,,0
9000,'5514',1259,,1600,1,,,0,198,,1601,1,,,0,193,,1602,1,,,0
9000,'5515',1259,,1603,1,,,0,198,,1604,1,,,0,193,,1605,1,,,0
9000,'5516',617,,1606,1,,,0,118,,1616,1,,,0,100,,1607,1,,,0,121,,1618,1,,,0,93,,1611,1,,,0,162,,1617,1,,,0,89,,1608,1,,,0,127,,1614,1,,,0,122,,1609,1,,,0,95,,1613,1,,,0,160,,1612,1,,,0,104,,1615,1,,,0,120,,1610,1,,,0
9000,'5608',802,,1597,1,,,0,156,,1574,1,,,0,179,,1575,1,,,0
9000,'5610',802,,1692,1,,,0,156,,1690,1,,,0,179,,1691,1,,,0
9001,'5115',754,,1624,54,4,,0,156,,1626,51,4,,0,110,,1623,54,4,,0,114,,1631,51,4,,0,98,,1622,51,4,,0,125,,1630,54,4,,0,88,,1621,54,4,,0,166,,1627,51,4,,0,119,,1625,54,4,,0,98,,1628,51,4,,0,118,,1629,51,4,,0,102,,1620,54,4,,0,160,,1619,54,4,,0
9001,'5513',638,,1632,51,4,,0,71,,1640,54,4,,0,38,,1641,54,4,,0,76,,1642,54,4,,0,28,,1656,51,4,,0,67,,1633,54,4,,0,82,,1644,54,4,,0,35,,1645,54,4,,0,24,,1653,51,4,,0,143,,1646,51,4,,0,56,,1654,54,4,,0,97,,1635,51,4,,0,72,,1651,54,4,,0,80,,1655,54,4,,0,42,,1649,51,4,,0,65,,1634,54,4,,0,97,,1648,54,4,,0,17,,1658,51,4,,0,77,,1652,51,4,,0,53,,1659,54,4,,0,90,,1639,54,4,,0,97,,1637,51,4,,0,78,,1657,54,4,,0,85,,1650,54,4,,0,100,,1638,54,4,,0
9001,'5514',1442,,1660,54,4,,0,193,,1661,51,4,,0,194,,1662,54,4,,0
9001,'5515',1442,,1663,54,4,,0,193,,1664,51,4,,0,194,,1665,54,4,,0
9001,'5516',754,,1671,54,4,,0,156,,1673,51,4,,0,110,,1670,54,4,,0,114,,1678,51,4,,0,98,,1669,51,4,,0,125,,1677,54,4,,0,88,,1668,54,4,,0,166,,1674,51,4,,0,119,,1672,54,4,,0,98,,1675,51,4,,0,118,,1676,51,4,,0,102,,1667,54,4,,0,160,,1666,54,4,,0
9001,'5608',938,,1643,54,4,,0,192,,1636,54,4,,0,190,,1647,54,4,,0
9001,'5610',938,,1694,54,4,,0,192,,1693,54,4,,0,190,,1695,54,4,,0
