201,'5115',601,,1431,9,,,0,47,,1435,9,,,0,168,,1424,9,,,0,89,,1426,9,,,0,127,,1425,9,,,0,92,,1439,9,,,0,91,,1427,9,,,0,98,,1428,9,,,0,123,,1437,9,,,0,87,,1429,9,,,0,109,,1430,9,,,0,104,,1438,9,,,0,105,,1433,9,,,0,187,,1434,9,,,0,30,,1432,9,,,0,98,,1422,9,,,0
201,'5513',536,,1449,9,,,0,270,,1445,9,,,0,106,,1443,9,,,0,245,,1448,9,,,0,83,,1455,9,,,0,105,,1450,9,,,0,174,,1442,9,,,0,202,,1441,9,,,0,24,,1457,9,,,0,273,,1440,9,,,0,391,,1456,9,,,0
201,'5514',1842,,1458,9,,,0
201,'5515',1842,,1461,9,,,0,372,,1459,9,,,0,117,,1460,9,,,0
201,'5516',601,,1471,9,,,0,47,,1475,9,,,0,168,,1464,9,,,0,89,,1466,9,,,0,127,,1465,9,,,0,92,,1479,9,,,0,91,,1467,9,,,0,98,,1468,9,,,0,123,,1477,9,,,0,87,,1469,9,,,0,109,,1470,9,,,0,104,,1478,9,,,0,105,,1473,9,,,0,187,,1474,9,,,0,30,,1472,9,,,0,98,,1462,9,,,0
201,'5608',703,,1452,9,,,0,30,,1444,9,,,0,385,,1447,9,,,0,325,,1451,9,,,0
201,'5610',703,,1684,9,,,0,30,,1681,9,,,0,385,,1682,9,,,0,325,,1683,9,,,0
400,'5115',710,,1541,6,,,0,241,,1536,6,,,0,157,,1535,6,,,0,212,,1538,6,,,0,206,,1537,6,,,0,224,,1539,6,,,0,159,,1540,6,,,0,309,,1534,6,,,0
400,'5513',1000,,1547,6,,,0,220,,1548,6,,,0,404,,1542,6,,,0,120,,1544,6,,,0,181,,1543,6,,,0
400,'5515',2239,,1550,6,,,0
400,'5516',710,,1558,6,,,0,241,,1553,6,,,0,157,,1552,6,,,0,212,,1555,6,,,0,206,,1554,6,,,0,224,,1556,6,,,0,159,,1557,6,,,0,309,,1551,6,,,0
400,'5608',600,,1545,6,,,0,124,,1546,6,,,0,611,,1549,6,,,0
400,'5610',600,,1687,6,,,0,124,,1688,6,,,0,611,,1689,6,,,0
