101,'5115',657,,1387,74,,,0,273,,1391,74,,,0,224,,1393,74,,,0,260,,1392,74,,,0,212,,1394,74,,,0,220,,1395,74,,,0,158,,1390,74,,,0,315,,1389,74,,,0,203,,1388,74,,,0
101,'5513',712,,1405,74,,,0,44,,1409,80,,,0,175,,1406,74,,,0,119,,1407,74,,,0,100,,1408,74,,,0,164,,1410,80,,,0,215,,1411,80,,,0,97,,1396,74,,,0,121,,1397,80,,,0,96,,1398,74,,,0,160,,1399,74,,,0,100,,1400,74,,,0,120,,1401,74,,,0,99,,1402,74,,,0,28,,1403,54,,,0,173,,1404,74,,,0
101,'5516',657,,1413,74,,,0,273,,1417,74,,,0,224,,1419,74,,,0,260,,1418,74,,,0,212,,1420,74,,,0,220,,1421,74,,,0,158,,1416,74,,,0,315,,1415,74,,,0,203,,1414,74,,,0
101,'5608',1412,,1412,74,,,0
101,'5610',1412,,1680,74,,,0
9001,'5115',741,,1624,37,,,0,116,,1626,34,,,0,149,,1623,37,,,0,114,,1631,34,,,0,98,,1622,34,,,0,125,,1630,37,,,0,88,,1621,37,,,0,126,,1627,34,,,0,160,,1625,37,,,0,98,,1628,34,,,0,118,,1629,34,,,0,102,,1620,37,,,0,120,,1619,37,,,0
9001,'5513',627,,1632,34,,,0,31,,1640,37,,,0,76,,1641,37,,,0,75,,1642,37,,,0,28,,1656,34,,,0,69,,1633,37,,,0,43,,1644,37,,,0,75,,1645,37,,,0,24,,1653,34,,,0,100,,1646,34,,,0,96,,1654,37,,,0,97,,1635,34,,,0,72,,1651,37,,,0,40,,1655,37,,,0,82,,1649,34,,,0,65,,1634,37,,,0,57,,1648,37,,,0,58,,1658,34,,,0,37,,1652,34,,,0,94,,1659,37,,,0,90,,1639,37,,,0,98,,1637,34,,,0,77,,1657,37,,,0,45,,1650,37,,,0,100,,1638,37,,,0
9001,'5514',1428,,1660,37,,,0,193,,1661,34,,,0,195,,1662,37,,,0
9001,'5515',1428,,1663,37,,,0,193,,1664,34,,,0,195,,1665,37,,,0
9001,'5516',741,,1671,37,,,0,116,,1673,34,,,0,149,,1670,37,,,0,114,,1678,34,,,0,98,,1669,34,,,0,125,,1677,37,,,0,88,,1668,37,,,0,126,,1674,34,,,0,160,,1672,37,,,0,98,,1675,34,,,0,118,,1676,34,,,0,102,,1667,37,,,0,120,,1666,37,,,0
9001,'5608',926,,1643,37,,,0,193,,1636,37,,,0,187,,1647,37,,,0
9001,'5610',926,,1694,37,,,0,193,,1693,37,,,0,187,,1695,37,,,0
