101,'5115',704,,1387,85,,,0,233,,1391,85,,,0,264,,1393,85,,,0,220,,1392,85,,,0,212,,1394,85,,,0,220,,1395,85,,,0,158,,1390,85,,,0,315,,1389,85,,,0,202,,1388,85,,,0
101,'5210',703,,1074,85,,,0,232,,1078,85,,,0,223,,1080,85,,,0,258,,1079,85,,,0,215,,1081,85,,,0,214,,1082,85,,,0,164,,1077,85,,,0,220,,1076,85,,,0,95,,1083,85,,,0,202,,1075,85,,,0
101,'5513',719,,1405,85,,,0,85,,1409,91,,,0,134,,1406,85,,,0,119,,1407,85,,,0,101,,1408,85,,,0,164,,1410,91,,,0,98,,1412,85,,,0,117,,1411,91,,,0,97,,1396,85,,,0,121,,1397,91,,,0,95,,1398,85,,,0,160,,1399,85,,,0,100,,1400,85,,,0,119,,1401,85,,,0,99,,1402,85,,,0,28,,1403,65,,,0,173,,1404,85,,,0
101,'5516',704,,1413,85,,,0,233,,1417,85,,,0,264,,1419,85,,,0,220,,1418,85,,,0,212,,1420,85,,,0,220,,1421,85,,,0,158,,1416,85,,,0,315,,1415,85,,,0,202,,1414,85,,,0
9001,'5115',749,,1624,48,,,0,156,,1626,45,,,0,110,,1623,48,,,0,114,,1631,45,,,0,98,,1622,45,,,0,125,,1630,48,,,0,88,,1621,48,,,0,166,,1627,45,,,0,119,,1625,48,,,0,98,,1628,45,,,0,118,,1629,45,,,0,102,,1620,48,,,0,160,,1619,48,,,0
9001,'5210',749,,1341,48,,,0,157,,1342,45,,,0,122,,1340,48,,,0,99,,1347,45,,,0,2,,1349,45,,,0,118,,1339,45,,,0,103,,1346,48,,,0,80,,1338,48,,,0,174,,1343,45,,,0,2,,1350,45,,,0,112,,1348,48,,,0,99,,1344,45,,,0,2,,1351,45,,,0,122,,1345,45,,,0,102,,1337,48,,,0,160,,1336,48,,,0
9001,'5513',634,,1632,45,,,0,71,,1640,48,,,0,37,,1641,48,,,0,76,,1642,48,,,0,28,,1656,45,,,0,68,,1633,48,,,0,20,,1643,48,,,0,22,,1644,48,,,0,75,,1645,48,,,0,24,,1653,45,,,0,71,,1636,48,,,0,31,,1646,45,,,0,96,,1654,48,,,0,62,,1647,48,,,0,35,,1635,45,,,0,72,,1651,48,,,0,80,,1655,48,,,0,42,,1649,45,,,0,65,,1634,48,,,0,97,,1648,48,,,0,17,,1658,45,,,0,77,,1652,45,,,0,54,,1659,48,,,0,90,,1639,48,,,0,97,,1637,45,,,0,78,,1657,48,,,0,85,,1650,48,,,0,100,,1638,48,,,0
9001,'5514',1437,,1660,48,,,0,193,,1661,45,,,0,194,,1662,48,,,0
9001,'5515',1437,,1663,48,,,0,193,,1664,45,,,0,194,,1665,48,,,0
9001,'5516',749,,1671,48,,,0,156,,1673,45,,,0,110,,1670,48,,,0,114,,1678,45,,,0,98,,1669,45,,,0,125,,1677,48,,,0,88,,1668,48,,,0,166,,1674,45,,,0,119,,1672,48,,,0,98,,1675,45,,,0,118,,1676,45,,,0,102,,1667,48,,,0,160,,1666,48,,,0
