100,'5115',504,,1352,8,,,0,220,,1353,8,,,0,221,,1354,8,,,0,211,,1355,8,,,0,259,,1356,8,,,0,220,,1357,8,,,0,123,,1358,8,,,0,357,,1359,8,,,0,207,,1360,8,,,0
100,'5210',504,,1037,8,,,0,223,,1038,8,,,0,221,,1039,8,,,0,210,,1040,8,,,0,260,,1041,8,,,0,220,,1042,8,,,0,117,,1043,8,,,0,265,,1044,8,,,0,95,,1046,8,,,0,206,,1045,8,,,0
100,'5513',513,,1371,8,,,0,41,,1373,8,,,0,171,,1370,8,,,0,94,,1375,8,0,5 6 2,0,126,,1372,8,,,0,105,,1374,8,,,0,103,,1376,8,0,5 6 2,0,151,,1362,8,,,0,109,,1377,8,0,5 6 2,0,125,,1361,8,,,0,95,,1363,8,0,5 6 2,0,122,,1365,8,,,0,104,,1366,8,,,0,166,,1367,8,,,0,90,,1364,8,,,0,113,,1368,8,0,7 8,0,79,,1369,8,,,0
100,'5516',504,,1378,8,,,0,220,,1379,8,,,0,221,,1380,8,,,0,211,,1381,8,,,0,259,,1382,8,,,0,220,,1383,8,,,0,123,,1384,8,,,0,357,,1385,8,,,0,207,,1386,8,,,0
9000,'5115',623,,1559,8,,,0,118,,1569,8,,,0,100,,1560,8,,,0,162,,1571,8,,,0,53,,1564,8,,,0,162,,1570,8,,,0,89,,1561,8,,,0,127,,1567,8,,,0,122,,1562,8,,,0,95,,1566,8,,,0,160,,1565,8,,,0,103,,1568,8,,,0,120,,1563,8,,,0
9000,'5210',623,,1270,8,,,0,122,,1278,8,,,0,159,,1271,8,,,0,49,,1285,8,,,0,50,,1280,8,,,0,114,,1274,8,,,0,97,,1279,8,,,0,94,,1272,8,,,0,118,,1284,8,,,0,10,,1281,8,,,0,122,,1282,8,,,0,90,,1283,8,,,0,10,,1276,8,,,0,153,,1275,8,,,0,110,,1277,8,,,0,115,,1273,8,,,0
9000,'5513',523,,1572,8,,,0,28,,1596,8,,,0,75,,1580,8,,,0,22,,1581,8,,,0,67,,1573,8,,,0,27,,1582,8,,,0,66,,1597,8,,,0,26,,1595,8,,,0,67,,1583,8,,,0,33,,1584,8,,,0,70,,1574,8,,,0,32,,1585,8,,,0,81,,1593,8,,,0,26,,1575,8,,,0,75,,1591,8,,,0,25,,1598,8,,,0,91,,1594,8,,,0,73,,1586,8,,,0,30,,1576,8,,,0,98,,1587,8,,,0,20,,1592,8,,,0,72,,1588,8,,,0,99,,1577,8,,,0,92,,1599,8,,,0,96,,1589,8,,,0,35,,1579,8,,,0,92,,1590,8,,,0,95,,1578,8,,,0
9000,'5514',1305,,1600,8,,,0,198,,1601,8,,,0,153,,1602,8,,,0
9000,'5515',1305,,1603,8,,,0,198,,1604,8,,,0,153,,1605,8,,,0
9000,'5516',623,,1606,8,,,0,118,,1616,8,,,0,100,,1607,8,,,0,162,,1618,8,,,0,53,,1611,8,,,0,162,,1617,8,,,0,89,,1608,8,,,0,127,,1614,8,,,0,122,,1609,8,,,0,95,,1613,8,,,0,160,,1612,8,,,0,103,,1615,8,,,0,120,,1610,8,,,0
