100,'5115',542,,1352,66,,,0,263,,1353,66,,,0,223,,1354,66,,,0,212,,1355,66,,,0,218,,1356,66,,,0,260,,1357,66,,,0,121,,1358,66,,,0,316,,1359,66,,,0,246,,1360,66,,,0
100,'5513',551,,1371,66,,,0,81,,1373,66,,,0,173,,1370,66,,,0,100,,1375,72,0,5 6 2,0,120,,1372,66,,,0,105,,1374,66,,,0,215,,1362,66,,,0,114,,1377,72,0,5 6 2,0,160,,1361,66,,,0,101,,1363,72,0,5 6 2,0,118,,1365,66,,,0,101,,1366,66,,,0,166,,1367,66,,,0,50,,1364,66,,,0,153,,1368,66,0,7 8,0,38,,1369,66,,,0
100,'5516',542,,1378,66,,,0,263,,1379,66,,,0,223,,1380,66,,,0,212,,1381,66,,,0,218,,1382,66,,,0,260,,1383,66,,,0,121,,1384,66,,,0,316,,1385,66,,,0,246,,1386,66,,,0
100,'5608',1239,,1376,72,0,5 6 2,0
100,'5610',1239,,1679,72,0,5 6 2,0
101,'5115',617,,1387,16,,,0,232,,1391,16,,,0,260,,1393,16,,,0,220,,1392,16,,,0,214,,1394,16,,,0,260,,1395,16,,,0,120,,1390,16,,,0,315,,1389,16,,,0,205,,1388,16,,,0
101,'5513',632,,1405,16,,,0,82,,1409,16,,,0,134,,1406,16,,,0,159,,1407,16,,,0,100,,1408,16,,,0,121,,1410,16,,,0,215,,1411,16,,,0,99,,1396,16,,,0,161,,1397,16,,,0,99,,1398,16,,,0,120,,1399,16,,,0,100,,1400,16,,,0,120,,1401,16,,,0,100,,1402,16,,,0,201,,1404,16,,,0
101,'5516',617,,1413,16,,,0,232,,1417,16,,,0,260,,1419,16,,,0,220,,1418,16,,,0,214,,1420,16,,,0,260,,1421,16,,,0,120,,1416,16,,,0,315,,1415,16,,,0,205,,1414,16,,,0
101,'5608',1327,,1412,16,,,0
101,'5610',1327,,1680,16,,,0
