201,'5115',450,,1436,1,,,0,157,,1431,17,,,0,1,,1423,1,,,0,46,,1435,17,,,0,168,,1424,17,,,0,89,,1426,17,,,0,127,,1425,17,,,0,92,,1439,17,,,0,91,,1427,17,,,0,99,,1428,17,,,0,123,,1437,17,,,0,87,,1429,17,,,0,108,,1430,17,,,0,104,,1438,17,,,0,105,,1433,17,,,0,187,,1434,17,,,0,70,,1432,17,,,0,97,,1422,17,,,0
201,'5210',450,,1137,1,,,0,156,,1133,17,,,0,2,,1124,1,,,0,45,,1136,17,,,0,167,,1125,17,,,0,91,,1127,17,,,0,143,,1126,17,,,0,76,,1140,17,,,0,91,,1128,17,,,0,82,,1129,17,,,0,136,,1138,17,,,0,75,,1130,17,,,0,124,,1131,17,,,0,100,,1139,17,,,0,109,,1134,17,,,0,167,,1135,17,,,0,44,,1132,17,,,0,95,,1123,17,,,0
201,'5513',501,,1446,1,,,0,9,,1453,1,,,0,31,,1449,17,,,0,71,,1454,1,,,0,97,,1452,17,,,0,30,,1444,17,,,0,73,,1445,17,,,0,106,,1443,17,,,0,207,,1447,17,,,0,79,,1448,17,,,0,43,,1455,17,,,0,105,,1450,17,,,0,98,,1451,17,,,0,76,,1442,17,,,0,202,,1441,17,,,0,24,,1457,17,,,0,271,,1440,17,,,0,391,,1456,17,4,,0
201,'5514',1848,,1458,17,,,0
201,'5515',1848,,1461,17,,,0,371,,1459,17,,,0,117,,1460,17,,,0
201,'5516',450,,1476,1,,,0,157,,1471,17,,,0,1,,1463,1,,,0,46,,1475,17,,,0,168,,1464,17,,,0,89,,1466,17,,,0,127,,1465,17,,,0,92,,1479,17,,,0,91,,1467,17,,,0,99,,1468,17,,,0,123,,1477,17,,,0,87,,1469,17,,,0,108,,1470,17,,,0,104,,1478,17,,,0,105,,1473,17,,,0,187,,1474,17,,,0,70,,1472,17,,,0,97,,1462,17,,,0
400,'5115',712,,1541,10,,,0,241,,1536,10,,,0,157,,1535,10,,,0,212,,1538,10,,,0,206,,1537,10,,,0,224,,1539,10,,,0,159,,1540,10,,,0,309,,1534,10,,,0
400,'5210',710,,1219,10,,,0,244,,1214,10,,,0,151,,1213,10,,,0,215,,1216,10,,,0,211,,1215,10,,,0,219,,1217,10,,,0,167,,1218,10,,,0,302,,1212,10,,,0
400,'5513',602,,1545,10,,,0,124,,1546,10,,,0,276,,1547,10,,,0,220,,1548,10,,,0,115,,1549,10,,,0,289,,1542,10,,,0,120,,1544,10,,,0,181,,1543,10,,,0
400,'5515',2243,,1550,14,,,0
400,'5516',712,,1558,10,,,0,241,,1553,10,,,0,157,,1552,10,,,0,212,,1555,10,,,0,206,,1554,10,,,0,224,,1556,10,,,0,159,,1557,10,,,0,309,,1551,10,,,0
