201,'5115',555,,1431,3,,,0,87,,1435,3,,,0,168,,1424,3,,,0,49,,1426,3,,,0,167,,1425,3,,,0,92,,1439,3,,,0,91,,1427,3,,,0,98,,1428,3,,,0,123,,1437,3,,,0,87,,1429,3,,,0,109,,1430,3,,,0,104,,1438,3,,,0,105,,1433,3,,,0,187,,1434,3,,,0,30,,1432,3,,,0,98,,1422,3,,,0
201,'5210',555,,1133,3,,,0,87,,1136,3,,,0,166,,1125,3,,,0,51,,1127,3,,,0,183,,1126,3,,,0,76,,1140,3,,,0,91,,1128,3,,,0,42,,1129,3,,,0,176,,1138,3,,,0,75,,1130,3,,,0,124,,1131,3,,,0,100,,1139,3,,,0,109,,1134,3,,,0,167,,1135,3,,,0,44,,1132,3,,,0,96,,1123,3,,,0
201,'5513',530,,1449,3,,,0,127,,1452,3,,,0,70,,1444,3,,,0,73,,1445,3,,,0,106,,1443,3,,,0,206,,1447,3,,,0,39,,1448,3,,,0,83,,1455,3,,,0,105,,1450,3,,,0,97,,1451,3,,,0,76,,1442,3,,,0,203,,1441,3,,,0,24,,1457,3,,,0,273,,1440,3,,,0,391,,1456,3,,,0
201,'5514',1836,,1458,3,,,0
201,'5515',1836,,1461,3,,,0,372,,1459,3,,,0,117,,1460,3,,,0
201,'5516',555,,1471,3,,,0,87,,1475,3,,,0,168,,1464,3,,,0,49,,1466,3,,,0,167,,1465,3,,,0,92,,1479,3,,,0,91,,1467,3,,,0,98,,1468,3,,,0,123,,1477,3,,,0,87,,1469,3,,,0,109,,1470,3,,,0,104,,1478,3,,,0,105,,1473,3,,,0,187,,1474,3,,,0,30,,1472,3,,,0,98,,1462,3,,,0
301,'5115',636,,1507,13,0,9 10,0,179,,1514,13,0,9 10,0,124,,1515,13,0,9 10,0,170,,1509,13,0,9 10,0,149,,1512,13,0,9 10,0,253,,1510,13,0,9 10,0,208,,1508,13,0,9 10,0,133,,1513,13,0,9 10,0,280,,1511,13,0,9 10,0
301,'5210',636,,1189,13,0,9 10,0,190,,1193,13,0,9 10,0,113,,1194,13,0,9 10,0,171,,1187,13,0,9 10,0,146,,1191,13,0,9 10,0,251,,1188,13,0,9 10,0,206,,1186,13,0,9 10,0,141,,1192,13,0,9 10,0,281,,1190,13,0,9 10,0
301,'5513',700,,1522,13,0,9 10,0,140,,1523,13,0,9 10,0,302,,1516,13,0,9 10,0,183,,1521,13,0,9 10,0,114,,1520,13,0,9 10,0,263,,1517,13,0,9 10,0,28,,1519,13,0,9 10,0,196,,1518,13,0,9 10,0
301,'5515',2203,,1524,13,0,9 10,0
301,'5516',636,,1525,13,0,9 10,0,179,,1532,13,0,9 10,0,124,,1533,13,0,9 10,0,170,,1527,13,0,9 10,0,149,,1530,13,0,9 10,0,253,,1528,13,0,9 10,0,208,,1526,13,0,9 10,0,133,,1531,13,0,9 10,0,280,,1529,13,0,9 10,0
400,'5115',707,,1541,3,,,0,241,,1536,3,,,0,157,,1535,3,,,0,212,,1538,3,,,0,205,,1537,3,,,0,225,,1539,3,,,0,159,,1540,3,,,0,308,,1534,3,,,0
400,'5210',705,,1219,3,,,0,244,,1214,3,,,0,151,,1213,3,,,0,215,,1216,3,,,0,210,,1215,3,,,0,220,,1217,3,,,0,167,,1218,3,,,0,301,,1212,3,,,0
400,'5513',557,,1545,3,,,0,164,,1546,3,,,0,236,,1547,3,,,0,260,,1548,3,,,0,115,,1549,3,,,0,289,,1542,3,,,0,120,,1544,3,,,0,181,,1543,3,,,0
400,'5515',2236,,1550,3,,,0
400,'5516',707,,1558,3,,,0,241,,1553,3,,,0,157,,1552,3,,,0,212,,1555,3,,,0,205,,1554,3,,,0,225,,1556,3,,,0,159,,1557,3,,,0,308,,1551,3,,,0
