101,'5115',610,,1387,8,,,0,231,,1391,8,,,0,260,,1393,8,,,0,220,,1392,8,,,0,215,,1394,8,,,0,220,,1395,8,,,0,160,,1390,8,,,0,315,,1389,8,,,0,205,,1388,8,,,0
101,'5513',625,,1405,8,,,0,82,,1409,8,,,0,134,,1406,8,,,0,159,,1407,8,,,0,100,,1408,8,,,0,121,,1410,8,,,0,215,,1411,8,,,0,99,,1396,8,,,0,121,,1397,8,,,0,99,,1398,8,,,0,160,,1399,8,,,0,100,,1400,8,,,0,120,,1401,8,,,0,100,,1402,8,,,0,201,,1404,8,,,0
101,'5516',610,,1413,8,,,0,231,,1417,8,,,0,260,,1419,8,,,0,220,,1418,8,,,0,215,,1420,8,,,0,220,,1421,8,,,0,160,,1416,8,,,0,315,,1415,8,,,0,205,,1414,8,,,0
101,'5608',1320,,1412,8,,,0
101,'5610',1320,,1680,8,,,0
9001,'5115',714,,1624,4,,,0,223,,1623,4,,,0,375,,1630,4,,,0,88,,1621,4,,,0,247,,1625,4,,,0,360,,1620,4,,,0,120,,1619,4,,,0
9001,'5513',632,,1640,4,,,0,75,,1641,4,,,0,33,,1642,4,,,0,97,,1633,4,,,0,84,,1644,4,,,0,36,,1645,4,,,0,260,,1654,4,,,0,125,,1651,4,,,0,80,,1655,4,,,0,105,,1634,4,,,0,100,,1648,4,,,0,190,,1659,4,,,0,90,,1639,4,,,0,135,,1657,4,,,0,85,,1650,4,,,0,100,,1638,4,,,0
9001,'5514',1357,,1660,4,,,0,390,,1662,4,,,0
9001,'5515',1357,,1663,4,,,0,390,,1665,4,,,0
9001,'5516',714,,1671,4,,,0,223,,1670,4,,,0,375,,1677,4,,,0,88,,1668,4,,,0,247,,1672,4,,,0,360,,1667,4,,,0,120,,1666,4,,,0
9001,'5608',857,,1643,4,,,0,195,,1636,4,,,0,185,,1647,4,,,0
9001,'5610',857,,1694,4,,,0,195,,1693,4,,,0,185,,1695,4,,,0
