300,'5115',625,,1487,11,4,,0,179,,1481,11,4,,0,124,,1488,11,4,,0,130,,1482,11,4,,0,189,,1483,11,4,,0,253,,1484,11,4,,0,208,,1485,11,4,,0,134,,1486,11,4,,0,280,,1480,11,4,,0
300,'5210',625,,1166,11,4,,0,190,,1160,11,4,,0,113,,1167,11,4,,0,131,,1161,11,4,,0,186,,1162,11,4,,0,211,,1163,11,4,,0,247,,1164,11,4,,0,141,,1165,11,4,,0,281,,1159,11,4,,0
300,'5513',650,,1493,11,4,,0,179,,1494,11,4,,0,300,,1495,11,4,,0,183,,1496,11,4,,0,114,,1489,11,4,,0,225,,1491,11,4,,0,68,,1492,11,4,,0,197,,1490,11,4,,0
300,'5515',2150,,1497,11,4,,0
300,'5516',625,,1505,11,4,,0,179,,1499,11,4,,0,124,,1506,11,4,,0,130,,1500,11,4,,0,189,,1501,11,4,,0,253,,1502,11,4,,0,208,,1503,11,4,,0,134,,1504,11,4,,0,280,,1498,11,4,,0
301,'5115',625,,1507,1,0,9 10,0,179,,1514,1,0,9 10,0,124,,1515,1,0,9 10,0,130,,1509,1,0,9 10,0,189,,1512,1,0,9 10,0,253,,1510,1,0,9 10,0,208,,1508,1,0,9 10,0,134,,1513,1,0,9 10,0,280,,1511,1,0,9 10,0
301,'5210',625,,1189,1,0,9 10,0,190,,1193,1,0,9 10,0,113,,1194,1,0,9 10,0,131,,1187,1,0,9 10,0,186,,1191,1,0,9 10,0,211,,1188,1,0,9 10,0,247,,1186,1,0,9 10,0,141,,1192,1,0,9 10,0,281,,1190,1,0,9 10,0
301,'5513',650,,1522,1,0,9 10,0,179,,1523,1,0,9 10,0,300,,1516,1,0,9 10,0,183,,1521,1,0,9 10,0,114,,1520,1,0,9 10,0,225,,1517,1,0,9 10,0,68,,1519,1,0,9 10,0,197,,1518,1,0,9 10,0
301,'5515',2150,,1524,1,0,9 10,0
301,'5516',625,,1525,1,0,9 10,0,179,,1532,1,0,9 10,0,124,,1533,1,0,9 10,0,130,,1527,1,0,9 10,0,189,,1530,1,0,9 10,0,253,,1528,1,0,9 10,0,208,,1526,1,0,9 10,0,134,,1531,1,0,9 10,0,280,,1529,1,0,9 10,0
