101,'5115',707,,1387,88,,,0,233,,1391,88,,,0,264,,1393,88,,,0,220,,1392,88,,,0,212,,1394,88,,,0,219,,1395,88,,,0,158,,1390,88,,,0,315,,1389,88,,,0,202,,1388,88,,,0
101,'5210',706,,1074,88,,,0,232,,1078,88,,,0,263,,1080,88,,,0,217,,1079,88,,,0,215,,1081,88,,,0,214,,1082,88,,,0,164,,1077,88,,,0,220,,1076,88,,,0,95,,1083,88,,,0,202,,1075,88,,,0
101,'5513',722,,1405,88,,,0,84,,1409,94,,,0,135,,1406,88,,,0,159,,1407,88,,,0,100,,1408,88,,,0,124,,1410,94,,,0,98,,1412,88,,,0,117,,1411,94,,,0,97,,1396,88,,,0,121,,1397,94,,,0,95,,1398,88,,,0,160,,1399,88,,,0,100,,1400,88,,,0,119,,1401,88,,,0,99,,1402,88,,,0,28,,1403,68,,,0,173,,1404,88,,,0
101,'5516',707,,1413,88,,,0,233,,1417,88,,,0,264,,1419,88,,,0,220,,1418,88,,,0,212,,1420,88,,,0,219,,1421,88,,,0,158,,1416,88,,,0,315,,1415,88,,,0,202,,1414,88,,,0
9001,'5115',752,,1624,51,,,0,156,,1626,48,,,0,110,,1623,51,,,0,114,,1631,48,,,0,98,,1622,48,,,0,125,,1630,51,,,0,88,,1621,51,,,0,166,,1627,48,,,0,119,,1625,51,,,0,98,,1628,48,,,0,118,,1629,48,,,0,102,,1620,51,,,0,160,,1619,51,,,0
9001,'5210',751,,1341,51,,,0,157,,1342,48,,,0,122,,1340,51,,,0,99,,1347,48,,,0,2,,1349,48,,,0,118,,1339,48,,,0,104,,1346,51,,,0,80,,1338,51,,,0,174,,1343,48,,,0,2,,1350,48,,,0,112,,1348,51,,,0,99,,1344,48,,,0,2,,1351,48,,,0,121,,1345,48,,,0,102,,1337,51,,,0,160,,1336,51,,,0
9001,'5513',636,,1632,48,,,0,71,,1640,51,,,0,38,,1641,51,,,0,76,,1642,51,,,0,28,,1656,48,,,0,67,,1633,51,,,0,20,,1643,51,,,0,22,,1644,51,,,0,75,,1645,51,,,0,24,,1653,48,,,0,71,,1636,51,,,0,72,,1646,48,,,0,56,,1654,51,,,0,62,,1647,51,,,0,35,,1635,48,,,0,72,,1651,51,,,0,80,,1655,51,,,0,42,,1649,48,,,0,65,,1634,51,,,0,97,,1648,51,,,0,17,,1658,48,,,0,77,,1652,48,,,0,53,,1659,51,,,0,90,,1639,51,,,0,97,,1637,48,,,0,78,,1657,51,,,0,85,,1650,51,,,0,100,,1638,51,,,0
9001,'5514',1440,,1660,51,,,0,193,,1661,48,,,0,194,,1662,51,,,0
9001,'5515',1440,,1663,51,,,0,193,,1664,48,,,0,194,,1665,51,,,0
9001,'5516',752,,1671,51,,,0,156,,1673,48,,,0,110,,1670,51,,,0,114,,1678,48,,,0,98,,1669,48,,,0,125,,1677,51,,,0,88,,1668,51,,,0,166,,1674,48,,,0,119,,1672,51,,,0,98,,1675,48,,,0,118,,1676,48,,,0,102,,1667,51,,,0,160,,1666,51,,,0
