201,'5115',452,,1436,5,,,0,158,,1431,21,,,0,1,,1423,5,,,0,46,,1435,21,,,0,168,,1424,21,,,0,89,,1426,21,,,0,128,,1425,21,,,0,92,,1439,21,,,0,91,,1427,21,,,0,99,,1428,21,,,0,123,,1437,21,,,0,86,,1429,21,,,0,108,,1430,21,,,0,104,,1438,21,,,0,104,,1433,21,,,0,187,,1434,21,,,0,70,,1432,21,,,0,97,,1422,21,,,0
201,'5513',504,,1446,5,,,0,9,,1453,5,,,0,31,,1449,21,,,0,71,,1454,5,,,0,200,,1445,21,,,0,106,,1443,21,,,0,286,,1448,21,,,0,43,,1455,21,,,0,105,,1450,21,,,0,174,,1442,21,,,0,202,,1441,21,,,0,24,,1457,21,,,0,271,,1440,21,,,0
201,'5514',1851,,1458,21,,,0
201,'5515',1851,,1461,21,,,0,371,,1459,21,,,0,116,,1460,21,,,0
201,'5516',452,,1476,5,,,0,158,,1471,21,,,0,1,,1463,5,,,0,46,,1475,21,,,0,168,,1464,21,,,0,89,,1466,21,,,0,128,,1465,21,,,0,92,,1479,21,,,0,91,,1467,21,,,0,99,,1468,21,,,0,123,,1477,21,,,0,86,,1469,21,,,0,108,,1470,21,,,0,104,,1478,21,,,0,104,,1473,21,,,0,187,,1474,21,,,0,70,,1472,21,,,0,97,,1462,21,,,0
201,'5608',712,,1452,21,,,0,30,,1444,21,,,0,386,,1447,21,,,0,325,,1451,21,,,0
201,'5610',712,,1684,21,,,0,30,,1681,21,,,0,386,,1682,21,,,0,325,,1683,21,,,0
400,'5115',748,,1541,56,,,0,284,,1536,56,,,0,117,,1535,56,,,0,253,,1538,56,,,0,204,,1537,56,,,0,224,,1539,56,,,0,117,,1540,56,,,0,308,,1534,56,,,0
400,'5513',1037,,1547,56,,,0,220,,1548,56,,,0,443,,1542,56,,,0,121,,1544,56,,,0,181,,1543,56,,,0
400,'5515',2318,,1550,60,,,0
400,'5516',748,,1558,56,,,0,284,,1553,56,,,0,117,,1552,56,,,0,253,,1555,56,,,0,204,,1554,56,,,0,224,,1556,56,,,0,117,,1557,56,,,0,308,,1551,56,,,0
400,'5608',637,,1545,56,,,0,165,,1546,56,,,0,610,,1549,56,,,0
400,'5610',637,,1687,56,,,0,165,,1688,56,,,0,610,,1689,56,,,0
