100,'5115',500,,1352,3,,,0,220,,1353,3,,,0,221,,1354,3,,,0,211,,1355,3,,,0,259,,1356,3,,,0,220,,1357,3,,,0,123,,1358,3,,,0,357,,1359,3,,,0,207,,1360,3,,,0
100,'5513',510,,1371,3,,,0,41,,1373,3,,,0,170,,1370,3,,,0,94,,1375,3,0,5 6 2,0,126,,1372,3,,,0,105,,1374,3,,,0,254,,1362,3,,,0,108,,1377,3,0,5 6 2,0,126,,1361,3,,,0,94,,1363,3,0,5 6 2,0,123,,1365,3,,,0,104,,1366,3,,,0,166,,1367,3,,,0,90,,1364,3,,,0,113,,1368,3,0,7 8,0,79,,1369,3,,,0
100,'5516',500,,1378,3,,,0,220,,1379,3,,,0,221,,1380,3,,,0,211,,1381,3,,,0,259,,1382,3,,,0,220,,1383,3,,,0,123,,1384,3,,,0,357,,1385,3,,,0,207,,1386,3,,,0
100,'5608',1149,,1376,3,0,5 6 2,0
100,'5610',1149,,1679,3,0,5 6 2,0
9000,'5115',619,,1559,3,,,0,118,,1569,3,,,0,100,,1560,3,,,0,121,,1571,3,,,0,93,,1564,3,,,0,162,,1570,3,,,0,89,,1561,3,,,0,127,,1567,3,,,0,122,,1562,3,,,0,95,,1566,3,,,0,160,,1565,3,,,0,104,,1568,3,,,0,120,,1563,3,,,0
9000,'5513',519,,1572,3,,,0,28,,1596,3,,,0,75,,1580,3,,,0,22,,1581,3,,,0,67,,1573,3,,,0,27,,1582,3,,,0,92,,1595,3,,,0,27,,1583,3,,,0,73,,1584,3,,,0,102,,1585,3,,,0,81,,1593,3,,,0,101,,1591,3,,,0,25,,1598,3,,,0,91,,1594,3,,,0,73,,1586,3,,,0,30,,1576,3,,,0,98,,1587,3,,,0,20,,1592,3,,,0,72,,1588,3,,,0,99,,1577,3,,,0,92,,1599,3,,,0,96,,1589,3,,,0,35,,1579,3,,,0,92,,1590,3,,,0,95,,1578,3,,,0
9000,'5514',1301,,1600,3,,,0,158,,1601,3,,,0,193,,1602,3,,,0
9000,'5515',1301,,1603,3,,,0,158,,1604,3,,,0,193,,1605,3,,,0
9000,'5516',619,,1606,3,,,0,118,,1616,3,,,0,100,,1607,3,,,0,121,,1618,3,,,0,93,,1611,3,,,0,162,,1617,3,,,0,89,,1608,3,,,0,127,,1614,3,,,0,122,,1609,3,,,0,95,,1613,3,,,0,160,,1612,3,,,0,104,,1615,3,,,0,120,,1610,3,,,0
9000,'5608',804,,1597,3,,,0,196,,1574,3,,,0,139,,1575,3,,,0
9000,'5610',804,,1692,3,,,0,196,,1690,3,,,0,139,,1691,3,,,0
