100,'5115',503,,1352,6,,,0,220,,1353,6,,,0,221,,1354,6,,,0,211,,1355,6,,,0,259,,1356,6,,,0,220,,1357,6,,,0,123,,1358,6,,,0,357,,1359,6,,,0,207,,1360,6,,,0
100,'5210',503,,1037,6,,,0,223,,1038,6,,,0,221,,1039,6,,,0,210,,1040,6,,,0,260,,1041,6,,,0,220,,1042,6,,,0,117,,1043,6,,,0,265,,1044,6,,,0,95,,1046,6,,,0,206,,1045,6,,,0
100,'5513',513,,1371,6,,,0,41,,1373,6,,,0,170,,1370,6,,,0,94,,1375,6,0,5 6 2,0,126,,1372,6,,,0,105,,1374,6,,,0,103,,1376,6,0,5 6 2,0,151,,1362,6,,,0,109,,1377,6,0,5 6 2,0,125,,1361,6,,,0,95,,1363,6,0,5 6 2,0,122,,1365,6,,,0,104,,1366,6,,,0,166,,1367,6,,,0,90,,1364,6,,,0,113,,1368,6,0,7 8,0,79,,1369,6,,,0
100,'5516',503,,1378,6,,,0,220,,1379,6,,,0,221,,1380,6,,,0,211,,1381,6,,,0,259,,1382,6,,,0,220,,1383,6,,,0,123,,1384,6,,,0,357,,1385,6,,,0,207,,1386,6,,,0
9000,'5115',622,,1559,6,,,0,118,,1569,6,,,0,100,,1560,6,,,0,162,,1571,6,,,0,53,,1564,6,,,0,162,,1570,6,,,0,89,,1561,6,,,0,127,,1567,6,,,0,122,,1562,6,,,0,95,,1566,6,,,0,160,,1565,6,,,0,103,,1568,6,,,0,120,,1563,6,,,0
9000,'5210',622,,1270,6,,,0,122,,1278,6,,,0,159,,1271,6,,,0,49,,1285,6,,,0,50,,1280,6,,,0,114,,1274,6,,,0,97,,1279,6,,,0,94,,1272,6,,,0,118,,1284,6,,,0,10,,1281,6,,,0,122,,1282,6,,,0,90,,1283,6,,,0,10,,1276,6,,,0,153,,1275,6,,,0,110,,1277,6,,,0,115,,1273,6,,,0
9000,'5513',522,,1572,6,,,0,28,,1596,6,,,0,75,,1580,6,,,0,22,,1581,6,,,0,67,,1573,6,,,0,27,,1582,6,,,0,66,,1597,6,,,0,26,,1595,6,,,0,67,,1583,6,,,0,33,,1584,6,,,0,70,,1574,6,,,0,32,,1585,6,,,0,81,,1593,6,,,0,26,,1575,6,,,0,75,,1591,6,,,0,25,,1598,6,,,0,91,,1594,6,,,0,73,,1586,6,,,0,30,,1576,6,,,0,98,,1587,6,,,0,20,,1592,6,,,0,72,,1588,6,,,0,99,,1577,6,,,0,92,,1599,6,,,0,96,,1589,6,,,0,35,,1579,6,,,0,92,,1590,6,,,0,95,,1578,6,,,0
9000,'5514',1304,,1600,6,,,0,198,,1601,6,,,0,153,,1602,6,,,0
9000,'5515',1304,,1603,6,,,0,198,,1604,6,,,0,153,,1605,6,,,0
9000,'5516',622,,1606,6,,,0,118,,1616,6,,,0,100,,1607,6,,,0,162,,1618,6,,,0,53,,1611,6,,,0,162,,1617,6,,,0,89,,1608,6,,,0,127,,1614,6,,,0,122,,1609,6,,,0,95,,1613,6,,,0,160,,1612,6,,,0,103,,1615,6,,,0,120,,1610,6,,,0
