101,'5115',612,,1387,10,,,0,231,,1391,10,,,0,260,,1393,10,,,0,220,,1392,10,,,0,215,,1394,10,,,0,220,,1395,10,,,0,160,,1390,10,,,0,315,,1389,10,,,0,205,,1388,10,,,0
101,'5210',612,,1074,10,,,0,231,,1078,10,,,0,260,,1080,10,,,0,220,,1079,10,,,0,215,,1081,10,,,0,215,,1082,10,,,0,165,,1077,10,,,0,220,,1076,10,,,0,95,,1083,10,,,0,205,,1075,10,,,0
101,'5513',627,,1405,10,,,0,82,,1409,10,,,0,134,,1406,10,,,0,159,,1407,10,,,0,100,,1408,10,,,0,121,,1410,10,,,0,99,,1412,10,,,0,116,,1411,10,,,0,99,,1396,10,,,0,121,,1397,10,,,0,99,,1398,10,,,0,160,,1399,10,,,0,100,,1400,10,,,0,120,,1401,10,,,0,100,,1402,10,,,0,201,,1404,10,,,0
101,'5516',612,,1413,10,,,0,231,,1417,10,,,0,260,,1419,10,,,0,220,,1418,10,,,0,215,,1420,10,,,0,220,,1421,10,,,0,160,,1416,10,,,0,315,,1415,10,,,0,205,,1414,10,,,0
9001,'5115',716,,1624,6,,,0,223,,1623,6,,,0,375,,1630,6,,,0,88,,1621,6,,,0,247,,1625,6,,,0,360,,1620,6,,,0,120,,1619,6,,,0
9001,'5210',716,,1341,6,,,0,238,,1340,6,,,0,360,,1346,6,,,0,40,,1338,6,,,0,290,,1348,6,,,0,365,,1337,6,,,0,120,,1336,6,,,0
9001,'5513',634,,1640,6,,,0,75,,1641,6,,,0,33,,1642,6,,,0,97,,1633,6,,,0,20,,1643,6,,,0,64,,1644,6,,,0,36,,1645,6,,,0,95,,1636,6,,,0,165,,1654,6,,,0,20,,1647,6,,,0,105,,1651,6,,,0,80,,1655,6,,,0,106,,1634,6,,,0,99,,1648,6,,,0,190,,1659,6,,,0,90,,1639,6,,,0,135,,1657,6,,,0,85,,1650,6,,,0,100,,1638,6,,,0
9001,'5514',1359,,1660,6,,,0,390,,1662,6,,,0
9001,'5515',1359,,1663,6,,,0,390,,1665,6,,,0
9001,'5516',716,,1671,6,,,0,223,,1670,6,,,0,375,,1677,6,,,0,88,,1668,6,,,0,247,,1672,6,,,0,360,,1667,6,,,0,120,,1666,6,,,0
