201,'5115',451,,1436,4,,,0,157,,1431,20,,,0,1,,1423,4,,,0,47,,1435,20,,,0,168,,1424,20,,,0,89,,1426,20,,,0,127,,1425,20,,,0,92,,1439,20,,,0,91,,1427,20,,,0,99,,1428,20,,,0,123,,1437,20,,,0,86,,1429,20,,,0,108,,1430,20,,,0,104,,1438,20,,,0,105,,1433,20,,,0,187,,1434,20,,,0,70,,1432,20,,,0,97,,1422,20,,,0
201,'5513',502,,1446,4,,,0,9,,1453,4,,,0,31,,1449,20,,,0,71,,1454,4,,,0,200,,1445,20,,,0,106,,1443,20,,,0,287,,1448,20,,,0,43,,1455,20,,,0,105,,1450,20,,,0,174,,1442,20,,,0,201,,1441,20,,,0,24,,1457,20,,,0,271,,1440,20,,,0
201,'5514',1849,,1458,20,,,0
201,'5515',1849,,1461,20,,,0,371,,1459,20,,,0,117,,1460,20,,,0
201,'5516',451,,1476,4,,,0,157,,1471,20,,,0,1,,1463,4,,,0,47,,1475,20,,,0,168,,1464,20,,,0,89,,1466,20,,,0,127,,1465,20,,,0,92,,1479,20,,,0,91,,1467,20,,,0,99,,1468,20,,,0,123,,1477,20,,,0,86,,1469,20,,,0,108,,1470,20,,,0,104,,1478,20,,,0,105,,1473,20,,,0,187,,1474,20,,,0,70,,1472,20,,,0,97,,1462,20,,,0
201,'5608',710,,1452,20,,,0,30,,1444,20,,,0,386,,1447,20,,,0,326,,1451,20,,,0
201,'5610',710,,1684,20,,,0,30,,1681,20,,,0,386,,1682,20,,,0,326,,1683,20,,,0
400,'5115',747,,1541,55,,,0,284,,1536,55,,,0,117,,1535,55,,,0,253,,1538,55,,,0,204,,1537,55,,,0,224,,1539,55,,,0,118,,1540,55,,,0,308,,1534,55,,,0
400,'5513',1037,,1547,55,,,0,220,,1548,55,,,0,402,,1542,55,,,0,162,,1544,55,,,0,181,,1543,55,,,0
400,'5515',2318,,1550,59,,,0
400,'5516',747,,1558,55,,,0,284,,1553,55,,,0,117,,1552,55,,,0,253,,1555,55,,,0,204,,1554,55,,,0,224,,1556,55,,,0,118,,1557,55,,,0,308,,1551,55,,,0
400,'5608',637,,1545,55,,,0,165,,1546,55,,,0,610,,1549,55,,,0
400,'5610',637,,1687,55,,,0,165,,1688,55,,,0,610,,1689,55,,,0
