100,'5115',554,,1352,85,,,0,263,,1353,85,,,0,224,,1354,85,,,0,211,,1355,85,,,0,260,,1356,85,,,0,220,,1357,85,,,0,120,,1358,85,,,0,355,,1359,85,,,0,205,,1360,85,,,0
100,'5513',603,,1371,85,,,0,41,,1373,85,,,0,174,,1370,85,,,0,100,,1375,91,0,5 6 2,0,120,,1372,85,,,0,105,,1374,85,,,0,215,,1362,85,,,0,155,,1377,91,0,5 6 2,0,119,,1361,85,,,0,101,,1363,91,0,5 6 2,0,119,,1365,85,,,0,100,,1366,85,,,0,165,,1367,85,,,0,90,,1364,85,,,0,151,,1369,85,,,0
100,'5516',554,,1378,85,,,0,263,,1379,85,,,0,224,,1380,85,,,0,211,,1381,85,,,0,260,,1382,85,,,0,220,,1383,85,,,0,120,,1384,85,,,0,355,,1385,85,,,0,205,,1386,85,,,0
100,'5608',1253,,1376,91,0,5 6 2,0
100,'5610',1253,,1679,91,0,5 6 2,0
9000,'5115',655,,1559,51,,,0,158,,1569,51,,,0,225,,1571,51,,,0,93,,1564,51,,,0,122,,1570,51,,,0,259,,1567,51,,,0,335,,1565,51,,,0,260,,1563,51,,,0
9000,'5513',623,,1596,51,,,0,98,,1581,51,,,0,28,,1573,51,,,0,162,,1595,51,,,0,26,,1583,51,,,0,174,,1585,51,,,0,41,,1593,51,,,0,168,,1598,51,,,0,92,,1594,51,,,0,220,,1592,51,,,0,72,,1588,51,,,0,98,,1577,51,,,0,145,,1589,51,,,0,75,,1579,51,,,0,185,,1578,51,,,0
9000,'5514',1342,,1600,51,,,0,200,,1601,51,,,0
9000,'5515',1342,,1603,51,,,0,200,,1604,51,,,0
9000,'5516',655,,1606,51,,,0,158,,1616,51,,,0,225,,1618,51,,,0,93,,1611,51,,,0,122,,1617,51,,,0,259,,1614,51,,,0,335,,1612,51,,,0,260,,1610,51,,,0
