100,'5115',508,,1352,14,,,0,220,,1353,14,,,0,222,,1354,14,,,0,251,,1355,14,,,0,219,,1356,14,,,0,220,,1357,14,,,0,163,,1358,14,,,0,317,,1359,14,,,0,206,,1360,14,,,0
100,'5513',517,,1371,14,,,0,41,,1373,14,,,0,171,,1370,14,,,0,99,,1375,20,0,5 6 2,0,121,,1372,14,,,0,105,,1374,14,,,0,254,,1362,14,,,0,114,,1377,20,0,5 6 2,0,120,,1361,14,,,0,100,,1363,20,0,5 6 2,0,158,,1365,14,,,0,103,,1366,14,,,0,126,,1367,14,,,0,90,,1364,14,,,0,113,,1368,14,0,7 8,0,79,,1369,14,,,0
100,'5516',508,,1378,14,,,0,220,,1379,14,,,0,222,,1380,14,,,0,251,,1381,14,,,0,219,,1382,14,,,0,220,,1383,14,,,0,163,,1384,14,,,0,317,,1385,14,,,0,206,,1386,14,,,0
100,'5608',1202,,1376,20,0,5 6 2,0
100,'5610',1202,,1679,20,0,5 6 2,0
9000,'5115',627,,1559,14,,,0,118,,1569,14,,,0,101,,1560,14,,,0,162,,1571,14,,,0,93,,1564,14,,,0,122,,1570,14,,,0,89,,1561,14,,,0,127,,1567,14,,,0,162,,1562,14,,,0,55,,1566,14,,,0,160,,1565,14,,,0,103,,1568,14,,,0,119,,1563,14,,,0
9000,'5513',527,,1572,14,,,0,28,,1596,14,,,0,75,,1580,14,,,0,22,,1581,14,,,0,67,,1573,14,,,0,28,,1582,14,,,0,92,,1595,14,,,0,67,,1583,14,,,0,33,,1584,14,,,0,102,,1585,14,,,0,81,,1593,14,,,0,101,,1591,14,,,0,25,,1598,14,,,0,91,,1594,14,,,0,73,,1586,14,,,0,30,,1576,14,,,0,98,,1587,14,,,0,60,,1592,14,,,0,32,,1588,14,,,0,99,,1577,14,,,0,92,,1599,14,,,0,95,,1589,14,,,0,35,,1579,14,,,0,92,,1590,14,,,0,95,,1578,14,,,0
9000,'5514',1310,,1600,14,,,0,198,,1601,14,,,0,193,,1602,14,,,0
9000,'5515',1310,,1603,14,,,0,198,,1604,14,,,0,193,,1605,14,,,0
9000,'5516',627,,1606,14,,,0,118,,1616,14,,,0,101,,1607,14,,,0,162,,1618,14,,,0,93,,1611,14,,,0,122,,1617,14,,,0,89,,1608,14,,,0,127,,1614,14,,,0,162,,1609,14,,,0,55,,1613,14,,,0,160,,1612,14,,,0,103,,1615,14,,,0,119,,1610,14,,,0
9000,'5608',813,,1597,14,,,0,196,,1574,14,,,0,139,,1575,14,,,0
9000,'5610',813,,1692,14,,,0,196,,1690,14,,,0,139,,1691,14,,,0
