201,'5115',606,,1431,15,,,0,47,,1435,15,,,0,168,,1424,15,,,0,89,,1426,15,,,0,127,,1425,15,,,0,92,,1439,15,,,0,91,,1427,15,,,0,99,,1428,15,,,0,123,,1437,15,,,0,87,,1429,15,,,0,108,,1430,15,,,0,104,,1438,15,,,0,105,,1433,15,,,0,187,,1434,15,,,0,70,,1432,15,,,0,97,,1422,15,,,0
201,'5513',540,,1449,15,,,0,271,,1445,15,,,0,106,,1443,15,,,0,286,,1448,15,,,0,43,,1455,15,,,0,105,,1450,15,,,0,174,,1442,15,,,0,202,,1441,15,,,0,24,,1457,15,,,0,271,,1440,15,,,0,391,,1456,15,,,0
201,'5514',1847,,1458,15,,,0
201,'5515',1847,,1461,15,,,0,371,,1459,15,,,0,117,,1460,15,,,0
201,'5516',606,,1471,15,,,0,47,,1475,15,,,0,168,,1464,15,,,0,89,,1466,15,,,0,127,,1465,15,,,0,92,,1479,15,,,0,91,,1467,15,,,0,99,,1468,15,,,0,123,,1477,15,,,0,87,,1469,15,,,0,108,,1470,15,,,0,104,,1478,15,,,0,105,,1473,15,,,0,187,,1474,15,,,0,70,,1472,15,,,0,97,,1462,15,,,0
201,'5608',708,,1452,15,,,0,30,,1444,15,,,0,386,,1447,15,,,0,325,,1451,15,,,0
201,'5610',708,,1684,15,,,0,30,,1681,15,,,0,386,,1682,15,,,0,325,,1683,15,,,0
400,'5115',711,,1541,8,,,0,241,,1536,8,,,0,157,,1535,8,,,0,212,,1538,8,,,0,206,,1537,8,,,0,224,,1539,8,,,0,159,,1540,8,,,0,309,,1534,8,,,0
400,'5513',1001,,1547,8,,,0,220,,1548,8,,,0,404,,1542,8,,,0,120,,1544,8,,,0,181,,1543,8,,,0
400,'5515',2242,,1550,12,,,0
400,'5516',711,,1558,8,,,0,241,,1553,8,,,0,157,,1552,8,,,0,212,,1555,8,,,0,206,,1554,8,,,0,224,,1556,8,,,0,159,,1557,8,,,0,309,,1551,8,,,0
400,'5608',601,,1545,8,,,0,124,,1546,8,,,0,611,,1549,8,,,0
400,'5610',601,,1687,8,,,0,124,,1688,8,,,0,611,,1689,8,,,0
