101,'5115',652,,1387,69,,,0,274,,1391,69,,,0,223,,1393,69,,,0,260,,1392,69,,,0,213,,1394,69,,,0,220,,1395,69,,,0,158,,1390,69,,,0,315,,1389,69,,,0,203,,1388,69,,,0
101,'5513',708,,1405,69,,,0,39,,1409,69,,,0,179,,1406,69,,,0,119,,1407,69,,,0,100,,1408,69,,,0,160,,1410,69,,,0,215,,1411,69,,,0,101,,1396,69,,,0,117,,1397,69,,,0,101,,1398,69,,,0,120,,1399,69,,,0,100,,1400,69,,,0,160,,1401,69,,,0,99,,1402,69,,,0,28,,1403,49,,,0,173,,1404,69,,,0
101,'5516',652,,1413,69,,,0,274,,1417,69,,,0,223,,1419,69,,,0,260,,1418,69,,,0,213,,1420,69,,,0,220,,1421,69,,,0,158,,1416,69,,,0,315,,1415,69,,,0,203,,1414,69,,,0
101,'5608',1407,,1412,69,,,0
101,'5610',1407,,1680,69,,,0
9001,'5115',737,,1624,32,,,0,116,,1626,29,,,0,149,,1623,32,,,0,114,,1631,29,,,0,98,,1622,29,,,0,125,,1630,32,,,0,88,,1621,32,,,0,126,,1627,29,,,0,160,,1625,32,,,0,98,,1628,29,,,0,118,,1629,29,,,0,102,,1620,32,,,0,120,,1619,32,,,0
9001,'5513',623,,1632,29,,,0,31,,1640,32,,,0,76,,1641,32,,,0,75,,1642,32,,,0,28,,1656,29,,,0,69,,1633,32,,,0,43,,1644,32,,,0,76,,1645,32,,,0,24,,1653,29,,,0,100,,1646,29,,,0,96,,1654,32,,,0,96,,1635,29,,,0,72,,1651,32,,,0,40,,1655,32,,,0,82,,1649,29,,,0,25,,1634,32,,,0,97,,1648,32,,,0,58,,1658,29,,,0,37,,1652,29,,,0,94,,1659,32,,,0,90,,1639,32,,,0,98,,1637,29,,,0,77,,1657,32,,,0,45,,1650,32,,,0,100,,1638,32,,,0
9001,'5514',1424,,1660,32,,,0,193,,1661,29,,,0,195,,1662,32,,,0
9001,'5515',1424,,1663,32,,,0,193,,1664,29,,,0,195,,1665,32,,,0
9001,'5516',737,,1671,32,,,0,116,,1673,29,,,0,149,,1670,32,,,0,114,,1678,29,,,0,98,,1669,29,,,0,125,,1677,32,,,0,88,,1668,32,,,0,126,,1674,29,,,0,160,,1672,32,,,0,98,,1675,29,,,0,118,,1676,29,,,0,102,,1667,32,,,0,120,,1666,32,,,0
9001,'5608',922,,1643,32,,,0,194,,1636,32,,,0,186,,1647,32,,,0
9001,'5610',922,,1694,32,,,0,194,,1693,32,,,0,186,,1695,32,,,0
