100,'5115',509,,1352,15,,,0,220,,1353,15,,,0,222,,1354,15,,,0,251,,1355,15,,,0,219,,1356,15,,,0,220,,1357,15,,,0,163,,1358,15,,,0,317,,1359,15,,,0,206,,1360,15,,,0
100,'5210',509,,1037,15,,,0,223,,1038,15,,,0,221,,1039,15,,,0,250,,1040,15,,,0,221,,1041,15,,,0,220,,1042,15,,,0,156,,1043,15,,,0,225,,1044,15,,,0,95,,1046,15,,,0,206,,1045,15,,,0
100,'5513',518,,1371,15,,,0,41,,1373,15,,,0,171,,1370,15,,,0,99,,1375,21,0,5 6 2,0,121,,1372,15,,,0,105,,1374,15,,,0,148,,1376,21,0,5 6 2,0,106,,1362,15,,,0,114,,1377,21,0,5 6 2,0,120,,1361,15,,,0,100,,1363,21,0,5 6 2,0,158,,1365,15,,,0,103,,1366,15,,,0,126,,1367,15,,,0,90,,1364,15,,,0,113,,1368,15,0,7 8,0,79,,1369,15,,,0
100,'5516',509,,1378,15,,,0,220,,1379,15,,,0,222,,1380,15,,,0,251,,1381,15,,,0,219,,1382,15,,,0,220,,1383,15,,,0,163,,1384,15,,,0,317,,1385,15,,,0,206,,1386,15,,,0
9000,'5115',628,,1559,15,,,0,118,,1569,15,,,0,101,,1560,15,,,0,162,,1571,15,,,0,93,,1564,15,,,0,122,,1570,15,,,0,89,,1561,15,,,0,127,,1567,15,,,0,162,,1562,15,,,0,55,,1566,15,,,0,160,,1565,15,,,0,103,,1568,15,,,0,119,,1563,15,,,0
9000,'5210',627,,1270,15,,,0,123,,1278,15,,,0,160,,1271,15,,,0,49,,1285,15,,,0,50,,1280,15,,,0,114,,1274,15,,,0,98,,1279,15,,,0,93,,1272,15,,,0,118,,1284,15,,,0,10,,1281,15,,,0,162,,1282,15,,,0,50,,1283,15,,,0,50,,1276,15,,,0,113,,1275,15,,,0,110,,1277,15,,,0,114,,1273,15,,,0
9000,'5513',528,,1572,15,,,0,28,,1596,15,,,0,75,,1580,15,,,0,22,,1581,15,,,0,67,,1573,15,,,0,28,,1582,15,,,0,66,,1597,15,,,0,26,,1595,15,,,0,67,,1583,15,,,0,33,,1584,15,,,0,70,,1574,15,,,0,32,,1585,15,,,0,81,,1593,15,,,0,26,,1575,15,,,0,75,,1591,15,,,0,25,,1598,15,,,0,91,,1594,15,,,0,73,,1586,15,,,0,30,,1576,15,,,0,98,,1587,15,,,0,60,,1592,15,,,0,32,,1588,15,,,0,99,,1577,15,,,0,92,,1599,15,,,0,95,,1589,15,,,0,35,,1579,15,,,0,92,,1590,15,,,0,94,,1578,15,,,0
9000,'5514',1311,,1600,15,,,0,198,,1601,15,,,0,193,,1602,15,,,0
9000,'5515',1311,,1603,15,,,0,198,,1604,15,,,0,193,,1605,15,,,0
9000,'5516',628,,1606,15,,,0,118,,1616,15,,,0,101,,1607,15,,,0,162,,1618,15,,,0,93,,1611,15,,,0,122,,1617,15,,,0,89,,1608,15,,,0,127,,1614,15,,,0,162,,1609,15,,,0,55,,1613,15,,,0,160,,1612,15,,,0,103,,1615,15,,,0,119,,1610,15,,,0
