100,'5115',557,,1352,88,,,0,263,,1353,88,,,0,223,,1354,88,,,0,212,,1355,88,,,0,259,,1356,88,,,0,220,,1357,88,,,0,120,,1358,88,,,0,355,,1359,88,,,0,206,,1360,88,,,0
100,'5210',556,,1037,88,,,0,264,,1038,88,,,0,225,,1039,88,,,0,210,,1040,88,,,0,260,,1041,88,,,0,220,,1042,88,,,0,115,,1043,88,,,0,265,,1044,88,,,0,95,,1046,88,,,0,205,,1045,88,,,0
100,'5513',605,,1371,88,,,0,41,,1373,88,,,0,174,,1370,88,,,0,100,,1375,94,0,5 6 2,0,120,,1372,88,,,0,105,,1374,88,,,0,110,,1376,94,0,5 6 2,0,145,,1362,88,,,0,115,,1377,94,0,5 6 2,0,120,,1361,88,,,0,100,,1363,94,0,5 6 2,0,119,,1365,88,,,0,100,,1366,88,,,0,166,,1367,88,,,0,90,,1364,88,,,0,191,,1369,88,,,0
100,'5516',557,,1378,88,,,0,263,,1379,88,,,0,223,,1380,88,,,0,212,,1381,88,,,0,259,,1382,88,,,0,220,,1383,88,,,0,120,,1384,88,,,0,355,,1385,88,,,0,206,,1386,88,,,0
9000,'5115',657,,1559,54,,,0,158,,1569,54,,,0,103,,1560,47,,,0,122,,1571,54,,,0,93,,1564,54,,,0,122,,1570,54,,,0,91,,1561,47,,,0,169,,1567,54,,,0,120,,1562,47,,,0,95,,1566,47,,,0,120,,1565,54,,,0,100,,1568,47,,,0,160,,1563,54,,,0
9000,'5210',657,,1270,54,,,0,163,,1278,54,,,0,120,,1271,47,,,0,90,,1285,54,,,0,10,,1280,54,,,0,115,,1274,54,,,0,100,,1279,54,,,0,90,,1272,47,,,0,160,,1284,54,,,0,10,,1281,54,,,0,120,,1282,47,,,0,90,,1283,47,,,0,10,,1276,47,,,0,115,,1275,54,,,0,105,,1277,47,,,0,155,,1273,54,,,0
9000,'5513',555,,1572,47,,,0,70,,1596,54,,,0,75,,1580,47,,,0,23,,1581,54,,,0,28,,1573,54,,,0,68,,1582,47,,,0,27,,1597,47,,,0,67,,1595,54,,,0,26,,1583,54,,,0,71,,1584,47,,,0,30,,1574,47,,,0,73,,1585,54,,,0,41,,1593,54,,,0,65,,1575,47,,,0,36,,1591,47,,,0,67,,1598,54,,,0,92,,1594,54,,,0,31,,1586,47,,,0,70,,1576,47,,,0,99,,1587,47,,,0,21,,1592,54,,,0,72,,1588,54,,,0,98,,1577,54,,,0,50,,1599,47,,,0,95,,1589,54,,,0,75,,1579,54,,,0,90,,1590,47,,,0,95,,1578,54,,,0
9000,'5514',1344,,1600,54,,,0,200,,1601,54,,,0,190,,1602,47,,,0
9000,'5515',1344,,1603,54,,,0,200,,1604,54,,,0,190,,1605,47,,,0
9000,'5516',657,,1606,54,,,0,158,,1616,54,,,0,103,,1607,47,,,0,122,,1618,54,,,0,93,,1611,54,,,0,122,,1617,54,,,0,91,,1608,47,,,0,169,,1614,54,,,0,120,,1609,47,,,0,95,,1613,47,,,0,120,,1612,54,,,0,100,,1615,47,,,0,160,,1610,54,,,0
