100,'5115',527,,1352,46,,,0,222,,1353,46,,,0,262,,1354,46,,,0,212,,1355,46,,,0,219,,1356,46,,,0,260,,1357,46,,,0,121,,1358,46,,,0,317,,1359,46,,,0,206,,1360,46,,,0
100,'5210',527,,1037,46,,,0,224,,1038,46,,,0,262,,1039,46,,,0,210,,1040,46,,,0,221,,1041,46,,,0,260,,1042,46,,,0,115,,1043,46,,,0,225,,1044,46,,,0,95,,1046,46,,,0,206,,1045,46,,,0
100,'5513',536,,1371,46,,,0,81,,1373,46,,,0,132,,1370,46,,,0,99,,1375,52,0,5 6 2,0,161,,1372,46,,,0,105,,1374,46,,,0,108,,1376,52,0,5 6 2,0,107,,1362,46,,,0,113,,1377,52,0,5 6 2,0,161,,1361,46,,,0,100,,1363,52,0,5 6 2,0,119,,1365,46,,,0,101,,1366,46,,,0,126,,1367,46,,,0,90,,1364,46,,,0,113,,1368,46,0,7 8,0,78,,1369,46,,,0
100,'5516',527,,1378,46,,,0,222,,1379,46,,,0,262,,1380,46,,,0,212,,1381,46,,,0,219,,1382,46,,,0,260,,1383,46,,,0,121,,1384,46,,,0,317,,1385,46,,,0,206,,1386,46,,,0
9000,'5115',640,,1559,32,,,0,118,,1569,32,,,0,142,,1560,32,,,0,122,,1571,32,,,0,93,,1564,32,,,0,122,,1570,32,,,0,90,,1561,32,,,0,127,,1567,32,,,0,162,,1562,32,,,0,95,,1566,32,,,0,119,,1565,32,,,0,102,,1568,32,,,0,119,,1563,32,,,0
9000,'5210',639,,1270,32,,,0,163,,1278,32,,,0,121,,1271,32,,,0,89,,1285,32,,,0,10,,1280,32,,,0,115,,1274,32,,,0,98,,1279,32,,,0,93,,1272,32,,,0,118,,1284,32,,,0,10,,1281,32,,,0,162,,1282,32,,,0,90,,1283,32,,,0,10,,1276,32,,,0,113,,1275,32,,,0,108,,1277,32,,,0,114,,1273,32,,,0
9000,'5513',540,,1572,32,,,0,68,,1596,32,,,0,35,,1580,32,,,0,62,,1581,32,,,0,28,,1573,32,,,0,68,,1582,32,,,0,26,,1597,32,,,0,26,,1595,32,,,0,67,,1583,32,,,0,32,,1584,32,,,0,70,,1574,32,,,0,32,,1585,32,,,0,81,,1593,32,,,0,66,,1575,32,,,0,36,,1591,32,,,0,65,,1598,32,,,0,52,,1594,32,,,0,73,,1586,32,,,0,30,,1576,32,,,0,98,,1587,32,,,0,60,,1592,32,,,0,32,,1588,32,,,0,98,,1577,32,,,0,92,,1599,32,,,0,94,,1589,32,,,0,75,,1579,32,,,0,52,,1590,32,,,0,94,,1578,32,,,0
9000,'5514',1324,,1600,32,,,0,199,,1601,32,,,0,193,,1602,32,,,0
9000,'5515',1324,,1603,32,,,0,199,,1604,32,,,0,193,,1605,32,,,0
9000,'5516',640,,1606,32,,,0,118,,1616,32,,,0,142,,1607,32,,,0,122,,1618,32,,,0,93,,1611,32,,,0,122,,1617,32,,,0,90,,1608,32,,,0,127,,1614,32,,,0,162,,1609,32,,,0,95,,1613,32,,,0,119,,1612,32,,,0,102,,1615,32,,,0,119,,1610,32,,,0
