101,'5115',658,,1387,75,,,0,273,,1391,75,,,0,224,,1393,75,,,0,260,,1392,75,,,0,212,,1394,75,,,0,220,,1395,75,,,0,158,,1390,75,,,0,315,,1389,75,,,0,202,,1388,75,,,0
101,'5210',657,,1074,75,,,0,272,,1078,75,,,0,223,,1080,75,,,0,258,,1079,75,,,0,215,,1081,75,,,0,214,,1082,75,,,0,164,,1077,75,,,0,220,,1076,75,,,0,95,,1083,75,,,0,202,,1075,75,,,0
101,'5513',713,,1405,75,,,0,44,,1409,81,,,0,175,,1406,75,,,0,119,,1407,75,,,0,100,,1408,75,,,0,164,,1410,81,,,0,98,,1412,75,,,0,117,,1411,81,,,0,97,,1396,75,,,0,121,,1397,81,,,0,96,,1398,75,,,0,160,,1399,75,,,0,100,,1400,75,,,0,119,,1401,75,,,0,99,,1402,75,,,0,28,,1403,55,,,0,173,,1404,75,,,0
101,'5516',658,,1413,75,,,0,273,,1417,75,,,0,224,,1419,75,,,0,260,,1418,75,,,0,212,,1420,75,,,0,220,,1421,75,,,0,158,,1416,75,,,0,315,,1415,75,,,0,202,,1414,75,,,0
9001,'5115',742,,1624,38,,,0,116,,1626,35,,,0,149,,1623,38,,,0,114,,1631,35,,,0,98,,1622,35,,,0,125,,1630,38,,,0,88,,1621,38,,,0,126,,1627,35,,,0,160,,1625,38,,,0,98,,1628,35,,,0,118,,1629,35,,,0,102,,1620,38,,,0,120,,1619,38,,,0
9001,'5210',742,,1341,38,,,0,117,,1342,35,,,0,162,,1340,38,,,0,99,,1347,35,,,0,2,,1349,35,,,0,118,,1339,35,,,0,103,,1346,38,,,0,80,,1338,38,,,0,134,,1343,35,,,0,2,,1350,35,,,0,152,,1348,38,,,0,99,,1344,35,,,0,2,,1351,35,,,0,122,,1345,35,,,0,102,,1337,38,,,0,120,,1336,38,,,0
9001,'5513',628,,1632,35,,,0,31,,1640,38,,,0,76,,1641,38,,,0,75,,1642,38,,,0,28,,1656,35,,,0,69,,1633,38,,,0,20,,1643,38,,,0,23,,1644,38,,,0,75,,1645,38,,,0,24,,1653,35,,,0,71,,1636,38,,,0,29,,1646,35,,,0,96,,1654,38,,,0,62,,1647,38,,,0,35,,1635,35,,,0,72,,1651,38,,,0,40,,1655,38,,,0,82,,1649,35,,,0,65,,1634,38,,,0,57,,1648,38,,,0,58,,1658,35,,,0,37,,1652,35,,,0,94,,1659,38,,,0,90,,1639,38,,,0,98,,1637,35,,,0,77,,1657,38,,,0,45,,1650,38,,,0,100,,1638,38,,,0
9001,'5514',1429,,1660,38,,,0,193,,1661,35,,,0,195,,1662,38,,,0
9001,'5515',1429,,1663,38,,,0,193,,1664,35,,,0,195,,1665,38,,,0
9001,'5516',742,,1671,38,,,0,116,,1673,35,,,0,149,,1670,38,,,0,114,,1678,35,,,0,98,,1669,35,,,0,125,,1677,38,,,0,88,,1668,38,,,0,126,,1674,35,,,0,160,,1672,38,,,0,98,,1675,35,,,0,118,,1676,35,,,0,102,,1667,38,,,0,120,,1666,38,,,0
