100,'5115',529,,1352,48,,,0,222,,1353,48,,,0,262,,1354,48,,,0,212,,1355,48,,,0,219,,1356,48,,,0,260,,1357,48,,,0,121,,1358,48,,,0,317,,1359,48,,,0,206,,1360,48,,,0
100,'5210',529,,1037,48,,,0,224,,1038,48,,,0,262,,1039,48,,,0,210,,1040,48,,,0,221,,1041,48,,,0,260,,1042,48,,,0,115,,1043,48,,,0,225,,1044,48,,,0,95,,1046,48,,,0,206,,1045,48,,,0
100,'5513',538,,1371,48,,,0,81,,1373,48,,,0,132,,1370,48,,,0,99,,1375,54,0,5 6 2,0,161,,1372,48,,,0,105,,1374,48,,,0,108,,1376,54,0,5 6 2,0,107,,1362,48,,,0,113,,1377,54,0,5 6 2,0,161,,1361,48,,,0,100,,1363,54,0,5 6 2,0,119,,1365,48,,,0,101,,1366,48,,,0,126,,1367,48,,,0,90,,1364,48,,,0,113,,1368,48,0,7 8,0,78,,1369,48,,,0
100,'5516',529,,1378,48,,,0,222,,1379,48,,,0,262,,1380,48,,,0,212,,1381,48,,,0,219,,1382,48,,,0,260,,1383,48,,,0,121,,1384,48,,,0,317,,1385,48,,,0,206,,1386,48,,,0
9000,'5115',642,,1559,34,,,0,158,,1569,34,,,0,103,,1560,34,,,0,122,,1571,34,,,0,93,,1564,34,,,0,122,,1570,34,,,0,90,,1561,34,,,0,127,,1567,34,,,0,162,,1562,34,,,0,95,,1566,34,,,0,119,,1565,34,,,0,102,,1568,34,,,0,119,,1563,34,,,0
9000,'5210',642,,1270,34,,,0,163,,1278,34,,,0,121,,1271,34,,,0,89,,1285,34,,,0,10,,1280,34,,,0,115,,1274,34,,,0,98,,1279,34,,,0,93,,1272,34,,,0,118,,1284,34,,,0,10,,1281,34,,,0,162,,1282,34,,,0,90,,1283,34,,,0,10,,1276,34,,,0,113,,1275,34,,,0,107,,1277,34,,,0,114,,1273,34,,,0
9000,'5513',542,,1572,34,,,0,68,,1596,34,,,0,35,,1580,34,,,0,63,,1581,34,,,0,28,,1573,34,,,0,68,,1582,34,,,0,26,,1597,34,,,0,26,,1595,34,,,0,67,,1583,34,,,0,32,,1584,34,,,0,70,,1574,34,,,0,32,,1585,34,,,0,81,,1593,34,,,0,66,,1575,34,,,0,36,,1591,34,,,0,65,,1598,34,,,0,52,,1594,34,,,0,73,,1586,34,,,0,70,,1576,34,,,0,58,,1587,34,,,0,60,,1592,34,,,0,32,,1588,34,,,0,98,,1577,34,,,0,92,,1599,34,,,0,94,,1589,34,,,0,75,,1579,34,,,0,91,,1590,34,,,0,54,,1578,34,,,0
9000,'5514',1327,,1600,34,,,0,199,,1601,34,,,0,193,,1602,34,,,0
9000,'5515',1327,,1603,34,,,0,199,,1604,34,,,0,193,,1605,34,,,0
9000,'5516',642,,1606,34,,,0,158,,1616,34,,,0,103,,1607,34,,,0,122,,1618,34,,,0,93,,1611,34,,,0,122,,1617,34,,,0,90,,1608,34,,,0,127,,1614,34,,,0,162,,1609,34,,,0,95,,1613,34,,,0,119,,1612,34,,,0,102,,1615,34,,,0,119,,1610,34,,,0
