101,'5115',656,,1387,73,,,0,274,,1391,73,,,0,223,,1393,73,,,0,260,,1392,73,,,0,213,,1394,73,,,0,219,,1395,73,,,0,158,,1390,73,,,0,315,,1389,73,,,0,203,,1388,73,,,0
101,'5513',712,,1405,73,,,0,39,,1409,73,,,0,179,,1406,73,,,0,119,,1407,73,,,0,100,,1408,73,,,0,159,,1410,73,,,0,216,,1411,73,,,0,101,,1396,73,,,0,117,,1397,73,,,0,100,,1398,73,,,0,160,,1399,73,,,0,100,,1400,73,,,0,120,,1401,73,,,0,99,,1402,73,,,0,28,,1403,53,,,0,173,,1404,73,,,0
101,'5516',656,,1413,73,,,0,274,,1417,73,,,0,223,,1419,73,,,0,260,,1418,73,,,0,213,,1420,73,,,0,219,,1421,73,,,0,158,,1416,73,,,0,315,,1415,73,,,0,203,,1414,73,,,0
101,'5608',1411,,1412,73,,,0
101,'5610',1411,,1680,73,,,0
9001,'5115',741,,1624,36,,,0,116,,1626,33,,,0,149,,1623,36,,,0,114,,1631,33,,,0,98,,1622,33,,,0,124,,1630,36,,,0,88,,1621,36,,,0,126,,1627,33,,,0,161,,1625,36,,,0,98,,1628,33,,,0,118,,1629,33,,,0,102,,1620,36,,,0,120,,1619,36,,,0
9001,'5513',627,,1632,33,,,0,31,,1640,36,,,0,75,,1641,36,,,0,75,,1642,36,,,0,28,,1656,33,,,0,70,,1633,36,,,0,43,,1644,36,,,0,75,,1645,36,,,0,24,,1653,33,,,0,100,,1646,33,,,0,96,,1654,36,,,0,96,,1635,33,,,0,72,,1651,36,,,0,41,,1655,36,,,0,81,,1649,33,,,0,25,,1634,36,,,0,98,,1648,36,,,0,58,,1658,33,,,0,37,,1652,33,,,0,94,,1659,36,,,0,90,,1639,36,,,0,98,,1637,33,,,0,77,,1657,36,,,0,45,,1650,36,,,0,100,,1638,36,,,0
9001,'5514',1427,,1660,36,,,0,194,,1661,33,,,0,195,,1662,36,,,0
9001,'5515',1427,,1663,36,,,0,194,,1664,33,,,0,195,,1665,36,,,0
9001,'5516',741,,1671,36,,,0,116,,1673,33,,,0,149,,1670,36,,,0,114,,1678,33,,,0,98,,1669,33,,,0,124,,1677,36,,,0,88,,1668,36,,,0,126,,1674,33,,,0,161,,1672,36,,,0,98,,1675,33,,,0,118,,1676,33,,,0,102,,1667,36,,,0,120,,1666,36,,,0
9001,'5608',926,,1643,36,,,0,193,,1636,36,,,0,186,,1647,36,,,0
9001,'5610',926,,1694,36,,,0,193,,1693,36,,,0,186,,1695,36,,,0
