100,'5115',549,,1352,79,,,0,263,,1353,79,,,0,223,,1354,79,,,0,212,,1355,79,,,0,259,,1356,79,,,0,220,,1357,79,,,0,120,,1358,79,,,0,355,,1359,79,,,0,206,,1360,79,,,0
100,'5210',549,,1037,79,,,0,264,,1038,79,,,0,224,,1039,79,,,0,210,,1040,79,,,0,260,,1041,79,,,0,220,,1042,79,,,0,115,,1043,79,,,0,265,,1044,79,,,0,95,,1046,79,,,0,205,,1045,79,,,0
100,'5513',558,,1371,79,,,0,81,,1373,79,,,0,174,,1370,79,,,0,100,,1375,85,0,5 6 2,0,120,,1372,79,,,0,105,,1374,79,,,0,110,,1376,85,0,5 6 2,0,105,,1362,79,,,0,155,,1377,85,0,5 6 2,0,119,,1361,79,,,0,101,,1363,85,0,5 6 2,0,118,,1365,79,,,0,100,,1366,79,,,0,166,,1367,79,,,0,90,,1364,79,,,0,151,,1369,79,,,0
100,'5516',549,,1378,79,,,0,263,,1379,79,,,0,223,,1380,79,,,0,212,,1381,79,,,0,259,,1382,79,,,0,220,,1383,79,,,0,120,,1384,79,,,0,355,,1385,79,,,0,206,,1386,79,,,0
9000,'5115',650,,1559,45,,,0,158,,1569,45,,,0,225,,1571,45,,,0,93,,1564,45,,,0,122,,1570,45,,,0,259,,1567,45,,,0,335,,1565,45,,,0,260,,1563,45,,,0
9000,'5210',650,,1270,45,,,0,163,,1278,45,,,0,210,,1285,45,,,0,10,,1280,45,,,0,115,,1274,45,,,0,99,,1279,45,,,0,210,,1284,45,,,0,50,,1281,45,,,0,335,,1275,45,,,0,261,,1273,45,,,0
9000,'5513',618,,1596,45,,,0,98,,1581,45,,,0,28,,1573,45,,,0,161,,1595,45,,,0,26,,1583,45,,,0,174,,1585,45,,,0,41,,1593,45,,,0,168,,1598,45,,,0,92,,1594,45,,,0,221,,1592,45,,,0,32,,1588,45,,,0,98,,1577,45,,,0,185,,1589,45,,,0,75,,1579,45,,,0,185,,1578,45,,,0
9000,'5514',1336,,1600,45,,,0,200,,1601,45,,,0
9000,'5515',1336,,1603,45,,,0,200,,1604,45,,,0
9000,'5516',650,,1606,45,,,0,158,,1616,45,,,0,225,,1618,45,,,0,93,,1611,45,,,0,122,,1617,45,,,0,259,,1614,45,,,0,335,,1612,45,,,0,260,,1610,45,,,0
