100,'5115',553,,1352,83,,,0,263,,1353,83,,,0,223,,1354,83,,,0,212,,1355,83,,,0,259,,1356,83,,,0,220,,1357,83,,,0,120,,1358,83,,,0,355,,1359,83,,,0,206,,1360,83,,,0
100,'5513',601,,1371,83,,,0,41,,1373,83,,,0,174,,1370,83,,,0,100,,1375,89,0,5 6 2,0,120,,1372,83,,,0,105,,1374,83,,,0,215,,1362,83,,,0,155,,1377,89,0,5 6 2,0,120,,1361,83,,,0,100,,1363,89,0,5 6 2,0,119,,1365,83,,,0,100,,1366,83,,,0,166,,1367,83,,,0,90,,1364,83,,,0,151,,1369,83,,,0
100,'5516',553,,1378,83,,,0,263,,1379,83,,,0,223,,1380,83,,,0,212,,1381,83,,,0,259,,1382,83,,,0,220,,1383,83,,,0,120,,1384,83,,,0,355,,1385,83,,,0,206,,1386,83,,,0
100,'5608',1251,,1376,89,0,5 6 2,0
100,'5610',1251,,1679,89,0,5 6 2,0
9000,'5115',653,,1559,49,,,0,158,,1569,49,,,0,225,,1571,49,,,0,93,,1564,49,,,0,122,,1570,49,,,0,260,,1567,49,,,0,335,,1565,49,,,0,260,,1563,49,,,0
9000,'5513',621,,1596,49,,,0,98,,1581,49,,,0,28,,1573,49,,,0,162,,1595,49,,,0,26,,1583,49,,,0,174,,1585,49,,,0,41,,1593,49,,,0,168,,1598,49,,,0,92,,1594,49,,,0,221,,1592,49,,,0,72,,1588,49,,,0,98,,1577,49,,,0,145,,1589,49,,,0,75,,1579,49,,,0,185,,1578,49,,,0
9000,'5514',1340,,1600,49,,,0,200,,1601,49,,,0
9000,'5515',1340,,1603,49,,,0,200,,1604,49,,,0
9000,'5516',653,,1606,49,,,0,158,,1616,49,,,0,225,,1618,49,,,0,93,,1611,49,,,0,122,,1617,49,,,0,260,,1614,49,,,0,335,,1612,49,,,0,260,,1610,49,,,0
