101,'5115',653,,1387,70,,,0,274,,1391,70,,,0,223,,1393,70,,,0,260,,1392,70,,,0,213,,1394,70,,,0,220,,1395,70,,,0,158,,1390,70,,,0,315,,1389,70,,,0,202,,1388,70,,,0
101,'5210',653,,1074,70,,,0,272,,1078,70,,,0,223,,1080,70,,,0,258,,1079,70,,,0,215,,1081,70,,,0,214,,1082,70,,,0,124,,1077,70,,,0,260,,1076,70,,,0,95,,1083,70,,,0,202,,1075,70,,,0
101,'5513',709,,1405,70,,,0,39,,1409,70,,,0,179,,1406,70,,,0,119,,1407,70,,,0,100,,1408,70,,,0,160,,1410,70,,,0,102,,1412,70,,,0,113,,1411,70,,,0,101,,1396,70,,,0,117,,1397,70,,,0,101,,1398,70,,,0,160,,1399,70,,,0,100,,1400,70,,,0,119,,1401,70,,,0,99,,1402,70,,,0,28,,1403,50,,,0,173,,1404,70,,,0
101,'5516',653,,1413,70,,,0,274,,1417,70,,,0,223,,1419,70,,,0,260,,1418,70,,,0,213,,1420,70,,,0,220,,1421,70,,,0,158,,1416,70,,,0,315,,1415,70,,,0,202,,1414,70,,,0
9001,'5115',738,,1624,33,,,0,116,,1626,30,,,0,149,,1623,33,,,0,114,,1631,30,,,0,98,,1622,30,,,0,125,,1630,33,,,0,88,,1621,33,,,0,126,,1627,30,,,0,160,,1625,33,,,0,98,,1628,30,,,0,118,,1629,30,,,0,102,,1620,33,,,0,120,,1619,33,,,0
9001,'5210',738,,1341,33,,,0,117,,1342,30,,,0,162,,1340,33,,,0,99,,1347,30,,,0,2,,1349,30,,,0,118,,1339,30,,,0,103,,1346,33,,,0,80,,1338,33,,,0,134,,1343,30,,,0,2,,1350,30,,,0,152,,1348,33,,,0,99,,1344,30,,,0,2,,1351,30,,,0,122,,1345,30,,,0,102,,1337,33,,,0,120,,1336,33,,,0
9001,'5513',624,,1632,30,,,0,31,,1640,33,,,0,76,,1641,33,,,0,75,,1642,33,,,0,28,,1656,30,,,0,69,,1633,33,,,0,20,,1643,33,,,0,23,,1644,33,,,0,76,,1645,33,,,0,24,,1653,30,,,0,71,,1636,33,,,0,29,,1646,30,,,0,96,,1654,33,,,0,61,,1647,33,,,0,35,,1635,30,,,0,72,,1651,33,,,0,40,,1655,33,,,0,82,,1649,30,,,0,25,,1634,33,,,0,97,,1648,33,,,0,58,,1658,30,,,0,37,,1652,30,,,0,94,,1659,33,,,0,90,,1639,33,,,0,98,,1637,30,,,0,77,,1657,33,,,0,45,,1650,33,,,0,100,,1638,33,,,0
9001,'5514',1425,,1660,33,,,0,193,,1661,30,,,0,195,,1662,33,,,0
9001,'5515',1425,,1663,33,,,0,193,,1664,30,,,0,195,,1665,33,,,0
9001,'5516',738,,1671,33,,,0,116,,1673,30,,,0,149,,1670,33,,,0,114,,1678,30,,,0,98,,1669,30,,,0,125,,1677,33,,,0,88,,1668,33,,,0,126,,1674,30,,,0,160,,1672,33,,,0,98,,1675,30,,,0,118,,1676,30,,,0,102,,1667,33,,,0,120,,1666,33,,,0
