101,'5115',626,,1387,31,,,0,232,,1391,31,,,0,262,,1393,31,,,0,220,,1392,31,,,0,213,,1394,31,,,0,260,,1395,31,,,0,120,,1390,31,,,0,315,,1389,31,,,0,204,,1388,31,,,0
101,'5513',641,,1405,31,,,0,81,,1409,31,,,0,136,,1406,31,,,0,159,,1407,31,,,0,100,,1408,31,,,0,120,,1410,31,,,0,215,,1411,31,,,0,100,,1396,31,,,0,160,,1397,31,,,0,100,,1398,31,,,0,120,,1399,31,,,0,100,,1400,31,,,0,120,,1401,31,,,0,99,,1402,31,,,0,68,,1403,11,,,0,133,,1404,31,,,0
101,'5516',626,,1413,31,,,0,232,,1417,31,,,0,262,,1419,31,,,0,220,,1418,31,,,0,213,,1420,31,,,0,260,,1421,31,,,0,120,,1416,31,,,0,315,,1415,31,,,0,204,,1414,31,,,0
101,'5608',1338,,1412,31,,,0
101,'5610',1338,,1680,31,,,0
9001,'5115',723,,1624,14,,,0,115,,1626,11,,,0,108,,1623,14,,,0,155,,1631,11,,,0,58,,1622,11,,,0,163,,1630,14,,,0,88,,1621,14,,,0,127,,1627,11,,,0,120,,1625,14,,,0,99,,1628,11,,,0,159,,1629,11,,,0,101,,1620,14,,,0,120,,1619,14,,,0
9001,'5513',610,,1632,11,,,0,31,,1640,14,,,0,75,,1641,14,,,0,33,,1642,14,,,0,68,,1656,11,,,0,29,,1633,14,,,0,84,,1644,14,,,0,76,,1645,14,,,0,25,,1653,11,,,0,100,,1646,11,,,0,95,,1654,14,,,0,95,,1635,11,,,0,31,,1651,14,,,0,80,,1655,14,,,0,81,,1649,11,,,0,25,,1634,14,,,0,98,,1648,14,,,0,20,,1658,11,,,0,77,,1652,11,,,0,93,,1659,14,,,0,90,,1639,14,,,0,99,,1637,11,,,0,36,,1657,14,,,0,85,,1650,14,,,0,100,,1638,14,,,0
9001,'5514',1407,,1660,14,,,0,194,,1661,11,,,0,155,,1662,14,,,0
9001,'5515',1407,,1663,14,,,0,194,,1664,11,,,0,155,,1665,14,,,0
9001,'5516',723,,1671,14,,,0,115,,1673,11,,,0,108,,1670,14,,,0,155,,1678,11,,,0,58,,1669,11,,,0,163,,1677,14,,,0,88,,1668,14,,,0,127,,1674,11,,,0,120,,1672,14,,,0,99,,1675,11,,,0,159,,1676,11,,,0,101,,1667,14,,,0,120,,1666,14,,,0
9001,'5608',906,,1643,14,,,0,195,,1636,14,,,0,145,,1647,14,,,0
9001,'5610',906,,1694,14,,,0,195,,1693,14,,,0,145,,1695,14,,,0
