100,'5115',538,,1352,60,,,0,263,,1353,60,,,0,223,,1354,60,,,0,212,,1355,60,,,0,218,,1356,60,,,0,260,,1357,60,,,0,121,,1358,60,,,0,316,,1359,60,,,0,206,,1360,60,,,0
100,'5513',548,,1371,60,,,0,81,,1373,60,,,0,172,,1370,60,,,0,100,,1375,66,0,5 6 2,0,120,,1372,60,,,0,105,,1374,60,,,0,215,,1362,60,,,0,114,,1377,66,0,5 6 2,0,160,,1361,60,,,0,101,,1363,66,0,5 6 2,0,118,,1365,60,,,0,101,,1366,60,,,0,166,,1367,60,,,0,50,,1364,60,,,0,153,,1368,60,0,7 8,0,38,,1369,60,,,0
100,'5516',538,,1378,60,,,0,263,,1379,60,,,0,223,,1380,60,,,0,212,,1381,60,,,0,218,,1382,60,,,0,260,,1383,60,,,0,121,,1384,60,,,0,316,,1385,60,,,0,206,,1386,60,,,0
100,'5608',1235,,1376,66,0,5 6 2,0
100,'5610',1235,,1679,66,0,5 6 2,0
9000,'5115',646,,1559,38,,,0,158,,1569,38,,,0,225,,1571,38,,,0,93,,1564,38,,,0,122,,1570,38,,,0,258,,1567,38,,,0,335,,1565,38,,,0,221,,1563,38,,,0
9000,'5513',614,,1596,38,,,0,98,,1581,38,,,0,28,,1573,38,,,0,161,,1595,38,,,0,26,,1583,38,,,0,174,,1585,38,,,0,41,,1593,38,,,0,167,,1598,38,,,0,92,,1594,38,,,0,221,,1592,38,,,0,32,,1588,38,,,0,98,,1577,38,,,0,186,,1589,38,,,0,75,,1579,38,,,0,145,,1578,38,,,0
9000,'5514',1331,,1600,38,,,0,200,,1601,38,,,0
9000,'5515',1331,,1603,38,,,0,200,,1604,38,,,0
9000,'5516',646,,1606,38,,,0,158,,1616,38,,,0,225,,1618,38,,,0,93,,1611,38,,,0,122,,1617,38,,,0,258,,1614,38,,,0,335,,1612,38,,,0,221,,1610,38,,,0
