101,'5115',702,,1387,82,,,0,233,,1391,82,,,0,224,,1393,82,,,0,260,,1392,82,,,0,212,,1394,82,,,0,220,,1395,82,,,0,158,,1390,82,,,0,315,,1389,82,,,0,202,,1388,82,,,0
101,'5210',701,,1074,82,,,0,232,,1078,82,,,0,223,,1080,82,,,0,258,,1079,82,,,0,215,,1081,82,,,0,214,,1082,82,,,0,164,,1077,82,,,0,220,,1076,82,,,0,95,,1083,82,,,0,202,,1075,82,,,0
101,'5513',717,,1405,82,,,0,84,,1409,88,,,0,135,,1406,82,,,0,119,,1407,82,,,0,101,,1408,82,,,0,163,,1410,88,,,0,99,,1412,82,,,0,116,,1411,88,,,0,98,,1396,82,,,0,120,,1397,88,,,0,96,,1398,82,,,0,160,,1399,82,,,0,100,,1400,82,,,0,119,,1401,82,,,0,99,,1402,82,,,0,28,,1403,62,,,0,173,,1404,82,,,0
101,'5516',702,,1413,82,,,0,233,,1417,82,,,0,224,,1419,82,,,0,260,,1418,82,,,0,212,,1420,82,,,0,220,,1421,82,,,0,158,,1416,82,,,0,315,,1415,82,,,0,202,,1414,82,,,0
9001,'5115',746,,1624,45,,,0,156,,1626,42,,,0,110,,1623,45,,,0,114,,1631,42,,,0,98,,1622,42,,,0,125,,1630,45,,,0,88,,1621,45,,,0,166,,1627,42,,,0,119,,1625,45,,,0,98,,1628,42,,,0,118,,1629,42,,,0,102,,1620,45,,,0,160,,1619,45,,,0
9001,'5210',746,,1341,45,,,0,157,,1342,42,,,0,122,,1340,45,,,0,99,,1347,42,,,0,2,,1349,42,,,0,118,,1339,42,,,0,103,,1346,45,,,0,80,,1338,45,,,0,174,,1343,42,,,0,2,,1350,42,,,0,112,,1348,45,,,0,99,,1344,42,,,0,2,,1351,42,,,0,122,,1345,42,,,0,102,,1337,45,,,0,160,,1336,45,,,0
9001,'5513',632,,1632,42,,,0,71,,1640,45,,,0,36,,1641,45,,,0,76,,1642,45,,,0,28,,1656,42,,,0,68,,1633,45,,,0,20,,1643,45,,,0,23,,1644,45,,,0,75,,1645,45,,,0,24,,1653,42,,,0,71,,1636,45,,,0,30,,1646,42,,,0,96,,1654,45,,,0,62,,1647,45,,,0,35,,1635,42,,,0,72,,1651,45,,,0,40,,1655,45,,,0,82,,1649,42,,,0,65,,1634,45,,,0,97,,1648,45,,,0,17,,1658,42,,,0,37,,1652,42,,,0,94,,1659,45,,,0,90,,1639,45,,,0,98,,1637,42,,,0,77,,1657,45,,,0,85,,1650,45,,,0,100,,1638,45,,,0
9001,'5514',1434,,1660,45,,,0,193,,1661,42,,,0,194,,1662,45,,,0
9001,'5515',1434,,1663,45,,,0,193,,1664,42,,,0,194,,1665,45,,,0
9001,'5516',746,,1671,45,,,0,156,,1673,42,,,0,110,,1670,45,,,0,114,,1678,42,,,0,98,,1669,42,,,0,125,,1677,45,,,0,88,,1668,45,,,0,166,,1674,42,,,0,119,,1672,45,,,0,98,,1675,42,,,0,118,,1676,42,,,0,102,,1667,45,,,0,160,,1666,45,,,0
