100,'5115',550,,1352,80,,,0,263,,1353,80,,,0,223,,1354,80,,,0,212,,1355,80,,,0,259,,1356,80,,,0,220,,1357,80,,,0,120,,1358,80,,,0,355,,1359,80,,,0,206,,1360,80,,,0
100,'5513',559,,1371,80,,,0,81,,1373,80,,,0,174,,1370,80,,,0,100,,1375,86,0,5 6 2,0,120,,1372,80,,,0,105,,1374,80,,,0,215,,1362,80,,,0,155,,1377,86,0,5 6 2,0,119,,1361,80,,,0,101,,1363,86,0,5 6 2,0,118,,1365,80,,,0,100,,1366,80,,,0,166,,1367,80,,,0,90,,1364,80,,,0,151,,1369,80,,,0
100,'5516',550,,1378,80,,,0,263,,1379,80,,,0,223,,1380,80,,,0,212,,1381,80,,,0,259,,1382,80,,,0,220,,1383,80,,,0,120,,1384,80,,,0,355,,1385,80,,,0,206,,1386,80,,,0
100,'5608',1249,,1376,86,0,5 6 2,0
100,'5610',1249,,1679,86,0,5 6 2,0
9000,'5115',651,,1559,46,,,0,158,,1569,46,,,0,225,,1571,46,,,0,93,,1564,46,,,0,122,,1570,46,,,0,259,,1567,46,,,0,335,,1565,46,,,0,260,,1563,46,,,0
9000,'5513',619,,1596,46,,,0,98,,1581,46,,,0,28,,1573,46,,,0,161,,1595,46,,,0,26,,1583,46,,,0,174,,1585,46,,,0,41,,1593,46,,,0,168,,1598,46,,,0,92,,1594,46,,,0,221,,1592,46,,,0,72,,1588,46,,,0,58,,1577,46,,,0,185,,1589,46,,,0,75,,1579,46,,,0,185,,1578,46,,,0
9000,'5514',1337,,1600,46,,,0,200,,1601,46,,,0
9000,'5515',1337,,1603,46,,,0,200,,1604,46,,,0
9000,'5516',651,,1606,46,,,0,158,,1616,46,,,0,225,,1618,46,,,0,93,,1611,46,,,0,122,,1617,46,,,0,259,,1614,46,,,0,335,,1612,46,,,0,260,,1610,46,,,0
