101,'5115',615,,1387,14,,,0,232,,1391,14,,,0,260,,1393,14,,,0,220,,1392,14,,,0,214,,1394,14,,,0,260,,1395,14,,,0,120,,1390,14,,,0,315,,1389,14,,,0,205,,1388,14,,,0
101,'5513',630,,1405,14,,,0,82,,1409,14,,,0,134,,1406,14,,,0,159,,1407,14,,,0,100,,1408,14,,,0,121,,1410,14,,,0,215,,1411,14,,,0,99,,1396,14,,,0,161,,1397,14,,,0,99,,1398,14,,,0,120,,1399,14,,,0,100,,1400,14,,,0,120,,1401,14,,,0,100,,1402,14,,,0,201,,1404,14,,,0
101,'5516',615,,1413,14,,,0,232,,1417,14,,,0,260,,1419,14,,,0,220,,1418,14,,,0,214,,1420,14,,,0,260,,1421,14,,,0,120,,1416,14,,,0,315,,1415,14,,,0,205,,1414,14,,,0
101,'5608',1325,,1412,14,,,0
101,'5610',1325,,1680,14,,,0
9001,'5115',719,,1624,10,,,0,223,,1623,10,,,0,375,,1630,10,,,0,88,,1621,10,,,0,247,,1625,10,,,0,360,,1620,10,,,0,120,,1619,10,,,0
9001,'5513',637,,1640,10,,,0,75,,1641,10,,,0,33,,1642,10,,,0,97,,1633,10,,,0,84,,1644,10,,,0,76,,1645,10,,,0,220,,1654,10,,,0,125,,1651,10,,,0,80,,1655,10,,,0,106,,1634,10,,,0,99,,1648,10,,,0,190,,1659,10,,,0,90,,1639,10,,,0,135,,1657,10,,,0,85,,1650,10,,,0,100,,1638,10,,,0
9001,'5514',1402,,1660,10,,,0,350,,1662,10,,,0
9001,'5515',1402,,1663,10,,,0,350,,1665,10,,,0
9001,'5516',719,,1671,10,,,0,223,,1670,10,,,0,375,,1677,10,,,0,88,,1668,10,,,0,247,,1672,10,,,0,360,,1667,10,,,0,120,,1666,10,,,0
9001,'5608',902,,1643,10,,,0,155,,1636,10,,,0,185,,1647,10,,,0
9001,'5610',902,,1694,10,,,0,155,,1693,10,,,0,185,,1695,10,,,0
