101,'5115',655,,1387,72,,,0,274,,1391,72,,,0,223,,1393,72,,,0,260,,1392,72,,,0,213,,1394,72,,,0,220,,1395,72,,,0,158,,1390,72,,,0,315,,1389,72,,,0,202,,1388,72,,,0
101,'5210',655,,1074,72,,,0,272,,1078,72,,,0,223,,1080,72,,,0,258,,1079,72,,,0,215,,1081,72,,,0,214,,1082,72,,,0,164,,1077,72,,,0,220,,1076,72,,,0,95,,1083,72,,,0,202,,1075,72,,,0
101,'5513',711,,1405,72,,,0,39,,1409,72,,,0,179,,1406,72,,,0,119,,1407,72,,,0,101,,1408,72,,,0,159,,1410,72,,,0,103,,1412,72,,,0,112,,1411,72,,,0,102,,1396,72,,,0,116,,1397,72,,,0,101,,1398,72,,,0,160,,1399,72,,,0,100,,1400,72,,,0,119,,1401,72,,,0,99,,1402,72,,,0,28,,1403,52,,,0,173,,1404,72,,,0
101,'5516',655,,1413,72,,,0,274,,1417,72,,,0,223,,1419,72,,,0,260,,1418,72,,,0,213,,1420,72,,,0,220,,1421,72,,,0,158,,1416,72,,,0,315,,1415,72,,,0,202,,1414,72,,,0
9001,'5115',740,,1624,35,,,0,116,,1626,32,,,0,149,,1623,35,,,0,114,,1631,32,,,0,98,,1622,32,,,0,125,,1630,35,,,0,88,,1621,35,,,0,126,,1627,32,,,0,160,,1625,35,,,0,98,,1628,32,,,0,118,,1629,32,,,0,102,,1620,35,,,0,120,,1619,35,,,0
9001,'5210',740,,1341,35,,,0,117,,1342,32,,,0,162,,1340,35,,,0,99,,1347,32,,,0,2,,1349,32,,,0,118,,1339,32,,,0,103,,1346,35,,,0,80,,1338,35,,,0,134,,1343,32,,,0,2,,1350,32,,,0,152,,1348,35,,,0,99,,1344,32,,,0,2,,1351,32,,,0,122,,1345,32,,,0,102,,1337,35,,,0,120,,1336,35,,,0
9001,'5513',626,,1632,32,,,0,31,,1640,35,,,0,76,,1641,35,,,0,75,,1642,35,,,0,28,,1656,32,,,0,69,,1633,35,,,0,20,,1643,35,,,0,23,,1644,35,,,0,75,,1645,35,,,0,24,,1653,32,,,0,71,,1636,35,,,0,29,,1646,32,,,0,96,,1654,35,,,0,62,,1647,35,,,0,35,,1635,32,,,0,72,,1651,35,,,0,40,,1655,35,,,0,82,,1649,32,,,0,25,,1634,35,,,0,97,,1648,35,,,0,58,,1658,32,,,0,37,,1652,32,,,0,94,,1659,35,,,0,90,,1639,35,,,0,98,,1637,32,,,0,77,,1657,35,,,0,45,,1650,35,,,0,100,,1638,35,,,0
9001,'5514',1427,,1660,35,,,0,193,,1661,32,,,0,195,,1662,35,,,0
9001,'5515',1427,,1663,35,,,0,193,,1664,32,,,0,195,,1665,35,,,0
9001,'5516',740,,1671,35,,,0,116,,1673,32,,,0,149,,1670,35,,,0,114,,1678,32,,,0,98,,1669,32,,,0,125,,1677,35,,,0,88,,1668,35,,,0,126,,1674,32,,,0,160,,1672,35,,,0,98,,1675,32,,,0,118,,1676,32,,,0,102,,1667,35,,,0,120,,1666,35,,,0
