101,'5115',659,,1387,78,,,0,274,,1391,78,,,0,223,,1393,78,,,0,260,,1392,78,,,0,213,,1394,78,,,0,219,,1395,78,,,0,158,,1390,78,,,0,315,,1389,78,,,0,203,,1388,78,,,0
101,'5513',715,,1405,78,,,0,44,,1409,84,,,0,174,,1406,78,,,0,119,,1407,78,,,0,101,,1408,78,,,0,164,,1410,84,,,0,215,,1411,84,,,0,97,,1396,78,,,0,121,,1397,84,,,0,95,,1398,78,,,0,160,,1399,78,,,0,100,,1400,78,,,0,120,,1401,78,,,0,99,,1402,78,,,0,28,,1403,58,,,0,173,,1404,78,,,0
101,'5516',659,,1413,78,,,0,274,,1417,78,,,0,223,,1419,78,,,0,260,,1418,78,,,0,213,,1420,78,,,0,219,,1421,78,,,0,158,,1416,78,,,0,315,,1415,78,,,0,203,,1414,78,,,0
101,'5608',1415,,1412,78,,,0
101,'5610',1415,,1680,78,,,0
9001,'5115',743,,1624,41,,,0,116,,1626,38,,,0,149,,1623,41,,,0,114,,1631,38,,,0,98,,1622,38,,,0,125,,1630,41,,,0,88,,1621,41,,,0,126,,1627,38,,,0,160,,1625,41,,,0,98,,1628,38,,,0,118,,1629,38,,,0,102,,1620,41,,,0,120,,1619,41,,,0
9001,'5513',629,,1632,38,,,0,71,,1640,41,,,0,36,,1641,41,,,0,75,,1642,41,,,0,28,,1656,38,,,0,69,,1633,41,,,0,43,,1644,41,,,0,75,,1645,41,,,0,24,,1653,38,,,0,100,,1646,38,,,0,96,,1654,41,,,0,97,,1635,38,,,0,72,,1651,41,,,0,40,,1655,41,,,0,82,,1649,38,,,0,65,,1634,41,,,0,57,,1648,41,,,0,58,,1658,38,,,0,37,,1652,38,,,0,94,,1659,41,,,0,90,,1639,41,,,0,98,,1637,38,,,0,77,,1657,41,,,0,45,,1650,41,,,0,100,,1638,41,,,0
9001,'5514',1430,,1660,41,,,0,193,,1661,38,,,0,195,,1662,41,,,0
9001,'5515',1430,,1663,41,,,0,193,,1664,38,,,0,195,,1665,41,,,0
9001,'5516',743,,1671,41,,,0,116,,1673,38,,,0,149,,1670,41,,,0,114,,1678,38,,,0,98,,1669,38,,,0,125,,1677,41,,,0,88,,1668,41,,,0,126,,1674,38,,,0,160,,1672,41,,,0,98,,1675,38,,,0,118,,1676,38,,,0,102,,1667,41,,,0,120,,1666,41,,,0
9001,'5608',928,,1643,41,,,0,193,,1636,41,,,0,187,,1647,41,,,0
9001,'5610',928,,1694,41,,,0,193,,1693,41,,,0,187,,1695,41,,,0
