100,'5115',509,,1352,16,,,0,221,,1353,16,,,0,222,,1354,16,,,0,251,,1355,16,,,0,219,,1356,16,,,0,220,,1357,16,,,0,163,,1358,16,,,0,317,,1359,16,,,0,206,,1360,16,,,0
100,'5513',519,,1371,16,,,0,81,,1373,16,,,0,130,,1370,16,,,0,100,,1375,22,0,5 6 2,0,120,,1372,16,,,0,105,,1374,16,,,0,255,,1362,16,,,0,114,,1377,22,0,5 6 2,0,120,,1361,16,,,0,100,,1363,22,0,5 6 2,0,158,,1365,16,,,0,102,,1366,16,,,0,126,,1367,16,,,0,90,,1364,16,,,0,113,,1368,16,0,7 8,0,79,,1369,16,,,0
100,'5516',509,,1378,16,,,0,221,,1379,16,,,0,222,,1380,16,,,0,251,,1381,16,,,0,219,,1382,16,,,0,220,,1383,16,,,0,163,,1384,16,,,0,317,,1385,16,,,0,206,,1386,16,,,0
100,'5608',1204,,1376,22,0,5 6 2,0
100,'5610',1204,,1679,22,0,5 6 2,0
9000,'5115',629,,1559,16,,,0,118,,1569,16,,,0,101,,1560,16,,,0,162,,1571,16,,,0,93,,1564,16,,,0,122,,1570,16,,,0,89,,1561,16,,,0,127,,1567,16,,,0,162,,1562,16,,,0,55,,1566,16,,,0,160,,1565,16,,,0,103,,1568,16,,,0,119,,1563,16,,,0
9000,'5513',529,,1572,16,,,0,28,,1596,16,,,0,75,,1580,16,,,0,22,,1581,16,,,0,67,,1573,16,,,0,28,,1582,16,,,0,92,,1595,16,,,0,67,,1583,16,,,0,33,,1584,16,,,0,102,,1585,16,,,0,81,,1593,16,,,0,101,,1591,16,,,0,25,,1598,16,,,0,91,,1594,16,,,0,73,,1586,16,,,0,30,,1576,16,,,0,98,,1587,16,,,0,60,,1592,16,,,0,32,,1588,16,,,0,99,,1577,16,,,0,92,,1599,16,,,0,95,,1589,16,,,0,35,,1579,16,,,0,92,,1590,16,,,0,94,,1578,16,,,0
9000,'5514',1312,,1600,16,,,0,198,,1601,16,,,0,193,,1602,16,,,0
9000,'5515',1312,,1603,16,,,0,198,,1604,16,,,0,193,,1605,16,,,0
9000,'5516',629,,1606,16,,,0,118,,1616,16,,,0,101,,1607,16,,,0,162,,1618,16,,,0,93,,1611,16,,,0,122,,1617,16,,,0,89,,1608,16,,,0,127,,1614,16,,,0,162,,1609,16,,,0,55,,1613,16,,,0,160,,1612,16,,,0,103,,1615,16,,,0,119,,1610,16,,,0
9000,'5608',815,,1597,16,,,0,196,,1574,16,,,0,139,,1575,16,,,0
9000,'5610',815,,1692,16,,,0,196,,1690,16,,,0,139,,1691,16,,,0
