100,'5115',555,,1352,86,,,0,263,,1353,86,,,0,224,,1354,86,,,0,211,,1355,86,,,0,260,,1356,86,,,0,220,,1357,86,,,0,120,,1358,86,,,0,355,,1359,86,,,0,205,,1360,86,,,0
100,'5210',554,,1037,86,,,0,264,,1038,86,,,0,225,,1039,86,,,0,210,,1040,86,,,0,260,,1041,86,,,0,220,,1042,86,,,0,115,,1043,86,,,0,265,,1044,86,,,0,95,,1046,86,,,0,205,,1045,86,,,0
100,'5513',603,,1371,86,,,0,41,,1373,86,,,0,174,,1370,86,,,0,100,,1375,92,0,5 6 2,0,120,,1372,86,,,0,105,,1374,86,,,0,110,,1376,92,0,5 6 2,0,105,,1362,86,,,0,155,,1377,92,0,5 6 2,0,120,,1361,86,,,0,100,,1363,92,0,5 6 2,0,120,,1365,86,,,0,100,,1366,86,,,0,165,,1367,86,,,0,90,,1364,86,,,0,151,,1369,86,,,0
100,'5516',555,,1378,86,,,0,263,,1379,86,,,0,224,,1380,86,,,0,211,,1381,86,,,0,260,,1382,86,,,0,220,,1383,86,,,0,120,,1384,86,,,0,355,,1385,86,,,0,205,,1386,86,,,0
9000,'5115',655,,1559,52,,,0,158,,1569,52,,,0,225,,1571,52,,,0,93,,1564,52,,,0,122,,1570,52,,,0,260,,1567,52,,,0,335,,1565,52,,,0,260,,1563,52,,,0
9000,'5210',655,,1270,52,,,0,163,,1278,52,,,0,210,,1285,52,,,0,10,,1280,52,,,0,115,,1274,52,,,0,100,,1279,52,,,0,250,,1284,52,,,0,10,,1281,52,,,0,335,,1275,52,,,0,260,,1273,52,,,0
9000,'5513',623,,1596,52,,,0,98,,1581,52,,,0,28,,1573,52,,,0,163,,1595,52,,,0,26,,1583,52,,,0,174,,1585,52,,,0,41,,1593,52,,,0,168,,1598,52,,,0,92,,1594,52,,,0,220,,1592,52,,,0,72,,1588,52,,,0,98,,1577,52,,,0,145,,1589,52,,,0,75,,1579,52,,,0,185,,1578,52,,,0
9000,'5514',1343,,1600,52,,,0,200,,1601,52,,,0
9000,'5515',1343,,1603,52,,,0,200,,1604,52,,,0
9000,'5516',655,,1606,52,,,0,158,,1616,52,,,0,225,,1618,52,,,0,93,,1611,52,,,0,122,,1617,52,,,0,260,,1614,52,,,0,335,,1612,52,,,0,260,,1610,52,,,0
