201,'5115',451,,1436,3,,,0,157,,1431,19,,,0,1,,1423,3,,,0,46,,1435,19,,,0,168,,1424,19,,,0,89,,1426,19,,,0,127,,1425,19,,,0,92,,1439,19,,,0,91,,1427,19,,,0,99,,1428,19,,,0,123,,1437,19,,,0,87,,1429,19,,,0,108,,1430,19,,,0,104,,1438,19,,,0,105,,1433,19,,,0,187,,1434,19,,,0,70,,1432,19,,,0,97,,1422,19,,,0
201,'5210',451,,1137,3,,,0,156,,1133,19,,,0,2,,1124,3,,,0,45,,1136,19,,,0,167,,1125,19,,,0,91,,1127,19,,,0,143,,1126,19,,,0,76,,1140,19,,,0,91,,1128,19,,,0,82,,1129,19,,,0,136,,1138,19,,,0,75,,1130,19,,,0,124,,1131,19,,,0,100,,1139,19,,,0,109,,1134,19,,,0,167,,1135,19,,,0,44,,1132,19,,,0,95,,1123,19,,,0
201,'5513',502,,1446,3,,,0,9,,1453,3,,,0,31,,1449,19,,,0,71,,1454,3,,,0,97,,1452,19,,,0,30,,1444,19,,,0,73,,1445,19,,,0,106,,1443,19,,,0,207,,1447,19,,,0,79,,1448,19,,,0,43,,1455,19,,,0,105,,1450,19,,,0,98,,1451,19,,,0,76,,1442,19,,,0,202,,1441,19,,,0,24,,1457,19,,,0,271,,1440,19,,,0
201,'5514',1849,,1458,19,,,0
201,'5515',1849,,1461,19,,,0,371,,1459,19,,,0,117,,1460,19,,,0
201,'5516',451,,1476,3,,,0,157,,1471,19,,,0,1,,1463,3,,,0,46,,1475,19,,,0,168,,1464,19,,,0,89,,1466,19,,,0,127,,1465,19,,,0,92,,1479,19,,,0,91,,1467,19,,,0,99,,1468,19,,,0,123,,1477,19,,,0,87,,1469,19,,,0,108,,1470,19,,,0,104,,1478,19,,,0,105,,1473,19,,,0,187,,1474,19,,,0,70,,1472,19,,,0,97,,1462,19,,,0
400,'5115',713,,1541,12,,,0,241,,1536,12,,,0,157,,1535,12,,,0,212,,1538,12,,,0,206,,1537,12,,,0,224,,1539,12,,,0,159,,1540,12,,,0,309,,1534,12,,,0
400,'5210',711,,1219,12,,,0,244,,1214,12,,,0,151,,1213,12,,,0,215,,1216,12,,,0,211,,1215,12,,,0,219,,1217,12,,,0,167,,1218,12,,,0,302,,1212,12,,,0
400,'5513',603,,1545,12,,,0,124,,1546,12,,,0,276,,1547,12,,,0,220,,1548,12,,,0,115,,1549,12,,,0,289,,1542,12,,,0,120,,1544,12,,,0,181,,1543,12,,,0
400,'5515',2244,,1550,16,,,0
400,'5516',713,,1558,12,,,0,241,,1553,12,,,0,157,,1552,12,,,0,212,,1555,12,,,0,206,,1554,12,,,0,224,,1556,12,,,0,159,,1557,12,,,0,309,,1551,12,,,0
