100,'5115',539,,1352,62,,,0,263,,1353,62,,,0,223,,1354,62,,,0,212,,1355,62,,,0,218,,1356,62,,,0,260,,1357,62,,,0,121,,1358,62,,,0,316,,1359,62,,,0,206,,1360,62,,,0
100,'5513',548,,1371,62,,,0,81,,1373,62,,,0,173,,1370,62,,,0,100,,1375,68,0,5 6 2,0,120,,1372,62,,,0,105,,1374,62,,,0,215,,1362,62,,,0,114,,1377,68,0,5 6 2,0,160,,1361,62,,,0,101,,1363,68,0,5 6 2,0,118,,1365,62,,,0,101,,1366,62,,,0,166,,1367,62,,,0,50,,1364,62,,,0,153,,1368,62,0,7 8,0,38,,1369,62,,,0
100,'5516',539,,1378,62,,,0,263,,1379,62,,,0,223,,1380,62,,,0,212,,1381,62,,,0,218,,1382,62,,,0,260,,1383,62,,,0,121,,1384,62,,,0,316,,1385,62,,,0,206,,1386,62,,,0
100,'5608',1236,,1376,68,0,5 6 2,0
100,'5610',1236,,1679,68,0,5 6 2,0
9000,'5115',647,,1559,40,,,0,158,,1569,40,,,0,225,,1571,40,,,0,93,,1564,40,,,0,122,,1570,40,,,0,258,,1567,40,,,0,335,,1565,40,,,0,221,,1563,40,,,0
9000,'5513',615,,1596,40,,,0,98,,1581,40,,,0,28,,1573,40,,,0,161,,1595,40,,,0,26,,1583,40,,,0,174,,1585,40,,,0,41,,1593,40,,,0,167,,1598,40,,,0,92,,1594,40,,,0,221,,1592,40,,,0,32,,1588,40,,,0,98,,1577,40,,,0,186,,1589,40,,,0,75,,1579,40,,,0,145,,1578,40,,,0
9000,'5514',1332,,1600,40,,,0,200,,1601,40,,,0
9000,'5515',1332,,1603,40,,,0,200,,1604,40,,,0
9000,'5516',647,,1606,40,,,0,158,,1616,40,,,0,225,,1618,40,,,0,93,,1611,40,,,0,122,,1617,40,,,0,258,,1614,40,,,0,335,,1612,40,,,0,221,,1610,40,,,0
