100,'5115',542,,1352,68,,,0,263,,1353,68,,,0,223,,1354,68,,,0,212,,1355,68,,,0,219,,1356,68,,,0,260,,1357,68,,,0,120,,1358,68,,,0,316,,1359,68,,,0,246,,1360,68,,,0
100,'5513',552,,1371,68,,,0,81,,1373,68,,,0,172,,1370,68,,,0,100,,1375,74,0,5 6 2,0,120,,1372,68,,,0,105,,1374,68,,,0,215,,1362,68,,,0,155,,1377,74,0,5 6 2,0,119,,1361,68,,,0,101,,1363,74,0,5 6 2,0,118,,1365,68,,,0,101,,1366,68,,,0,166,,1367,68,,,0,50,,1364,68,,,0,153,,1368,68,0,7 8,0,38,,1369,68,,,0
100,'5516',542,,1378,68,,,0,263,,1379,68,,,0,223,,1380,68,,,0,212,,1381,68,,,0,219,,1382,68,,,0,260,,1383,68,,,0,120,,1384,68,,,0,316,,1385,68,,,0,246,,1386,68,,,0
100,'5608',1240,,1376,74,0,5 6 2,0
100,'5610',1240,,1679,74,0,5 6 2,0
101,'5115',617,,1387,18,,,0,232,,1391,18,,,0,261,,1393,18,,,0,220,,1392,18,,,0,214,,1394,18,,,0,260,,1395,18,,,0,120,,1390,18,,,0,315,,1389,18,,,0,204,,1388,18,,,0
101,'5513',632,,1405,18,,,0,82,,1409,18,,,0,135,,1406,18,,,0,159,,1407,18,,,0,100,,1408,18,,,0,120,,1410,18,,,0,215,,1411,18,,,0,100,,1396,18,,,0,160,,1397,18,,,0,100,,1398,18,,,0,120,,1399,18,,,0,100,,1400,18,,,0,120,,1401,18,,,0,100,,1402,18,,,0,201,,1404,18,,,0
101,'5516',617,,1413,18,,,0,232,,1417,18,,,0,261,,1419,18,,,0,220,,1418,18,,,0,214,,1420,18,,,0,260,,1421,18,,,0,120,,1416,18,,,0,315,,1415,18,,,0,204,,1414,18,,,0
101,'5608',1328,,1412,18,,,0
101,'5610',1328,,1680,18,,,0
