101,'5115',659,,1387,77,,,0,273,,1391,77,,,0,224,,1393,77,,,0,260,,1392,77,,,0,212,,1394,77,,,0,220,,1395,77,,,0,158,,1390,77,,,0,315,,1389,77,,,0,202,,1388,77,,,0
101,'5210',658,,1074,77,,,0,272,,1078,77,,,0,223,,1080,77,,,0,258,,1079,77,,,0,215,,1081,77,,,0,214,,1082,77,,,0,164,,1077,77,,,0,220,,1076,77,,,0,95,,1083,77,,,0,202,,1075,77,,,0
101,'5513',714,,1405,77,,,0,44,,1409,83,,,0,175,,1406,77,,,0,119,,1407,77,,,0,100,,1408,77,,,0,164,,1410,83,,,0,98,,1412,77,,,0,117,,1411,83,,,0,97,,1396,77,,,0,121,,1397,83,,,0,96,,1398,77,,,0,160,,1399,77,,,0,100,,1400,77,,,0,119,,1401,77,,,0,99,,1402,77,,,0,28,,1403,57,,,0,173,,1404,77,,,0
101,'5516',659,,1413,77,,,0,273,,1417,77,,,0,224,,1419,77,,,0,260,,1418,77,,,0,212,,1420,77,,,0,220,,1421,77,,,0,158,,1416,77,,,0,315,,1415,77,,,0,202,,1414,77,,,0
9001,'5115',743,,1624,40,,,0,116,,1626,37,,,0,149,,1623,40,,,0,114,,1631,37,,,0,98,,1622,37,,,0,125,,1630,40,,,0,88,,1621,40,,,0,126,,1627,37,,,0,160,,1625,40,,,0,98,,1628,37,,,0,118,,1629,37,,,0,102,,1620,40,,,0,120,,1619,40,,,0
9001,'5210',743,,1341,40,,,0,157,,1342,37,,,0,122,,1340,40,,,0,99,,1347,37,,,0,2,,1349,37,,,0,118,,1339,37,,,0,103,,1346,40,,,0,80,,1338,40,,,0,134,,1343,37,,,0,42,,1350,37,,,0,112,,1348,40,,,0,99,,1344,37,,,0,2,,1351,37,,,0,122,,1345,37,,,0,102,,1337,40,,,0,120,,1336,40,,,0
9001,'5513',629,,1632,37,,,0,71,,1640,40,,,0,36,,1641,40,,,0,75,,1642,40,,,0,28,,1656,37,,,0,69,,1633,40,,,0,20,,1643,40,,,0,23,,1644,40,,,0,75,,1645,40,,,0,24,,1653,37,,,0,71,,1636,40,,,0,29,,1646,37,,,0,96,,1654,40,,,0,62,,1647,40,,,0,35,,1635,37,,,0,72,,1651,40,,,0,40,,1655,40,,,0,82,,1649,37,,,0,65,,1634,40,,,0,57,,1648,40,,,0,58,,1658,37,,,0,37,,1652,37,,,0,94,,1659,40,,,0,90,,1639,40,,,0,98,,1637,37,,,0,77,,1657,40,,,0,45,,1650,40,,,0,100,,1638,40,,,0
9001,'5514',1430,,1660,40,,,0,193,,1661,37,,,0,195,,1662,40,,,0
9001,'5515',1430,,1663,40,,,0,193,,1664,37,,,0,195,,1665,40,,,0
9001,'5516',743,,1671,40,,,0,116,,1673,37,,,0,149,,1670,40,,,0,114,,1678,37,,,0,98,,1669,37,,,0,125,,1677,40,,,0,88,,1668,40,,,0,126,,1674,37,,,0,160,,1672,40,,,0,98,,1675,37,,,0,118,,1676,37,,,0,102,,1667,40,,,0,120,,1666,40,,,0
